PARSFILE
#FullDataName Tire: Aligning Moment`Scaled Mz, basis 215/55 R17 touring tire`Normalized Tires
#CheckBox0 1    

#MiscYellow0
mz_tire_gain = FZ_REF
fz_scale_mz_tire = FZ_REF
alpha_scale_mz_tire = FZ_REF
#ENDMYellow

#RingCtrl0 CARPET_FROM_ZERO
#RadioCtrl0 0    
#RadioCtrl1 0    

*3D_XLabel Vertical load (N)
*3D_YLabel Abs. slip angle [Alpha] (deg)
*3D_ZLabel Aligning moment (N-m)

#DiagramTwo0
*3D_DATA 8, 51 ! columns x rows
MZ_TIRE_CARPET 2D_FROM_ZERO
0, 0.245166154, 0.490332308, 0.735498462, 0.980664615, 1.225830769, 1.470996923, 1.716163077, 1.961330769
7.69231e-05, 0.001146565, 0.002253784, 0.003315254, 0.004328173, 0.0052909, 0.006203025, 0.007061815, 0.007869364
0.000153846, 0.002319246, 0.004562094, 0.00671615, 0.008774037, 0.010731601, 0.012584137, 0.014329212, 0.015966596
0.000230769, 0.003281021, 0.006498399, 0.009634927, 0.012677033, 0.015609065, 0.018420371, 0.021097383, 0.023631018
0.000307692, 0.003650776, 0.007333134, 0.011036896, 0.014746123, 0.018439235, 0.022091468, 0.025674745, 0.029160387
0.000384615, 0.003383651, 0.006908747, 0.010592251, 0.014432122, 0.018419962, 0.022534248, 0.026748528, 0.031025519
0.000461538, 0.002790883, 0.005784543, 0.009018792, 0.012517323, 0.016295648, 0.020362082, 0.024711629, 0.029331972
0.000538462, 0.002164442, 0.004539726, 0.0071746, 0.010110366, 0.013382121, 0.01702598, 0.021068926, 0.025535638
0.000615385, 0.001629046, 0.003450275, 0.005514639, 0.007866634, 0.010554665, 0.013627381, 0.017136697, 0.021132986
0.000692308, 0.001205582, 0.002576929, 0.00416175, 0.006003554, 0.00815143, 0.010657667, 0.013583941, 0.016997305
0.000769231, 0.000878561, 0.001898644, 0.003099965, 0.004523308, 0.006214717, 0.00822489, 0.010614401, 0.013455841
0.000846154, 0.000627665, 0.00137344, 0.002274107, 0.003363845, 0.004683269, 0.006279805, 0.008211068, 0.010544974
0.000923077, 0.000432607, 0.000964602, 0.001628642, 0.002453734, 0.003474777, 0.004735546, 0.006286464, 0.008190071
0.001, 0.000278366, 0.000643267, 0.001119458, 0.001732959, 0.002516194, 0.00350355, 0.004743447, 0.006289985
0.001076923, 0.000156578, 0.000386338, 0.000711649, 0.001155999, 0.001746265, 0.002513417, 0.003498076, 0.004751257
0.001153846, 5.68483e-05, 0.000177819, 0.000381553, 0.000688458, 0.001121996, 0.001708379, 0.002484654, 0.003494744
0.001230769, -2.49347e-05, 6.73318e-06, 0.000111013, 0.000304643, 0.000608832, 0.001047216, 0.001651042, 0.002459533
0.001307692, -9.26452e-05, -0.000135664, -0.000114675, -1.46728e-05, 0.000181843, 0.000497084, 0.000957822, 0.001599094
0.001384615, -0.000149971, -0.000256047, -0.000304476, -0.000283512, -0.000176578, 3.47473e-05, 0.000375716, 0.000874845
0.001461538, -0.000198816, -0.000358311, -0.000466929, -0.000512688, -0.000482319, -0.000358375, -0.000119519, 0.000260201
0.001538462, -0.000240998, -0.000446169, -0.000606044, -0.000710002, -0.000744552, -0.000695631, -0.000543857, -0.000265551
0.001615385, -0.000277452, -0.000523198, -0.000727307, -0.000880385, -0.000972034, -0.000988037, -0.000911652, -0.000721276
0.001692308, -0.000309892, -0.000591224, -0.000834364, -0.001031106, -0.00117148, -0.001243553, -0.001232229, -0.001117795
0.001769231, -0.000339182, -0.000651182, -0.000929091, -0.001164169, -0.001347658, -0.001468975, -0.001514534, -0.001467285
0.001846154, -0.000365349, -0.000704795, -0.001013276, -0.001282315, -0.001504319, -0.001670002, -0.001765447, -0.001776979
0.001923077, -0.000388404, -0.000753752, -0.001089509, -0.001389068, -0.00164511, -0.001849558, -0.001989857, -0.002052951
0.002, -0.000409171, -0.00079724, -0.001157827, -0.001485343, -0.00177187, -0.002011341, -0.002191619, -0.002301079
0.002076923, -0.000428469, -0.000837744, -0.001220748, -0.001572875, -0.001887252, -0.002158092, -0.002374485, -0.00252528
0.002153846, -0.00044629, -0.000874427, -0.001278275, -0.001652517, -0.00199301, -0.002291621, -0.00254035, -0.002728463
0.002230769, -0.000462623, -0.000908103, -0.001331225, -0.001726807, -0.002090002, -0.002414586, -0.002692837, -0.00291529
0.002307692, -0.000478286, -0.000939585, -0.001380421, -0.001794878, -0.00217908, -0.002527861, -0.002833759, -0.003085812
0.002384615, -0.000492442, -0.000968852, -0.001425834, -0.001858398, -0.002262804, -0.002633176, -0.002963101, -0.00324369
0.002461538, -0.000505903, -0.000996723, -0.001468273, -0.001917332, -0.002339405, -0.002730498, -0.003083525, -0.003389826
0.002538462, -0.000518659, -0.001022332, -0.001507714, -0.001972494, -0.002412314, -0.002821545, -0.003195885, -0.003526017
0.002615385, -0.00052987, -0.001046499, -0.001545809, -0.002024712, -0.002479745, -0.002907153, -0.003300132, -0.003654054
0.002692308, -0.000541181, -0.001069199, -0.001580845, -0.002073941, -0.002543395, -0.002987268, -0.003398914, -0.003772967
0.002769231, -0.000551763, -0.001091257, -0.001614477, -0.002120143, -0.002604091, -0.003062727, -0.003492174, -0.003885448
0.002846154, -0.000561593, -0.00111181, -0.001646694, -0.002164142, -0.00266091, -0.003134367, -0.003579856, -0.003990524
0.002923077, -0.000571501, -0.001130841, -0.001676603, -0.002205912, -0.002715568, -0.003202133, -0.003662812, -0.004090898
0.003, -0.00058065, -0.001150021, -0.001705897, -0.002245407, -0.002767145, -0.003266877, -0.003740983, -0.004185581
0.003076923, -0.000589022, -0.001167645, -0.001733691, -0.002283473, -0.002816482, -0.00332854, -0.003816126, -0.004276373
0.003153846, -0.000597453, -0.001184543, -0.001759969, -0.00232008, -0.002863542, -0.003387097, -0.003888204, -0.004362289
0.003230769, -0.000605936, -0.00120156, -0.001784705, -0.002355202, -0.002908284, -0.003443385, -0.003956249, -0.004444199
0.003307692, -0.000613629, -0.001216972, -0.001809604, -0.002387931, -0.002951566, -0.003497377, -0.004022046, -0.004522985
0.003384615, -0.000620514, -0.001232479, -0.001832928, -0.002420879, -0.002993364, -0.003549033, -0.004084633, -0.004597664
0.003461538, -0.000628293, -0.001247212, -0.001855519, -0.002451388, -0.003032748, -0.003598314, -0.00414489, -0.004670055
0.003538462, -0.000635257, -0.00126116, -0.001877365, -0.002481197, -0.003071489, -0.003647005, -0.004203702, -0.004739181
0.003615385, -0.000641392, -0.001275189, -0.00189846, -0.002510288, -0.003108656, -0.003693265, -0.00425918, -0.004806877
0.003692308, -0.000648422, -0.001288405, -0.001918777, -0.002538644, -0.003145135, -0.003737965, -0.004314076, -0.004871225
0.003769231, -0.000654611, -0.001301687, -0.001939195, -0.002565364, -0.003180008, -0.00378109, -0.004366505, -0.004933126
0.003846154, -0.000660835, -0.001314151, -0.001957932, -0.002591312, -0.003214147, -0.003822609, -0.004416422, -0.004993496
0.004, -0.000660835, -0.001314151, -0.001957932, -0.002591312, -0.003214147, -0.003822609, -0.004416422, -0.004993496
ENDTABLE



#EMBEDDED_NOTES
#Reference load for the source data tire: 6500 N
#
#Scaling tire data is one way to estimate properties of a tire of a different size compared to the source data but of the same construction.
#
#By scaling the data in all dimensions, the linear-range performance (e.g., cornering stiffness) of the tire is the same as the original.
#END_EMBEDDED_NOTES

LOG_ENTRY Used Dataset: Tire: Aligning Moment; { Normalized Tires } Scaled Mz, basis 215/55 R17 touring tire
#Library : Tire: Aligning Moment
#DataSet : Scaled Mz, basis 215/55 R17 touring tire
#Category: Normalized Tires
#FileID  : TireMz_a6936a5c-ac3f-467c-8dc0-b16b84f4abe7
#Modified: 05-28-2021 14:58:51
#Product : CarSim 2024.1
#DataVer : 2024.1
#VehCode Tire: Mz

END
