PARSFILE
#FullDataName Suspension: Camber Angle (Virtual Steering Axis)`D-Class, Sedan - Front Left`D-Class
#CheckBox0 0    

*3D_XLabel Rack travel left (mm)
*3D_YLabel Suspension cmp. (jounce) (mm)
*3D_ZLabel Camber angle (deg)

#DiagramTwo0
*3D_DATA 19, 15 ! columns x rows
CAMBER_VIR_CARPET 2D_SPLINE
0, -90, -80, -70, -60, -50, -40, -30, -20, -10, 0, 10, 20, 30, 40, 50, 60, 70, 80, 90
-70, -1.8884, -1.7412, -1.5433, -1.2968, -1.0016, -0.6559, -0.25663, 0.20046, 0.72069, 1.3105, 1.9773, 2.7294, 3.5762, 4.5272, 5.5928, 6.7828, 8.1062, 9.5728, 11.185
-60, -2.0879, -1.9482, -1.7567, -1.5157, -1.2251, -0.88327, -0.48705, -0.032179, 0.48675, 1.0765, 1.7457, 2.5017, 3.354, 4.3127, 5.388, 6.5902, 7.9285, 9.4131, 11.046
-50, -2.2817, -2.1487, -1.9629, -1.7265, -1.4397, -1.1006, -0.70628, -0.25233, 0.26672, 0.85767, 1.5294, 2.2895, 3.1474, 4.1136, 5.1985, 6.4126, 7.7655, 9.2675, 10.921
-40, -2.4642, -2.3373, -2.1565, -1.9243, -1.6406, -1.3039, -0.91109, -0.45771, 0.061767, 0.65419, 1.3287, 2.0929, 2.9566, 3.9303, 5.0247, 6.2505, 7.6175, 9.1364, 10.809
-30, -2.6353, -2.5139, -2.3375, -2.1088, -1.8279, -1.4931, -1.1013, -0.64813, -0.12788, 0.46631, 1.1439, 1.9124, 2.782, 3.7631, 4.8669, 6.1042, 7.485, 9.0201, 10.712
-20, -2.795, -2.6783, -2.5058, -2.28, -2.0013, -1.6679, -1.2767, -0.8233, -0.30192, 0.29437, 0.97522, 1.7483, 2.6239, 3.6126, 4.7257, 5.9743, 7.3685, 8.9193, 10.629
-10, -2.9431, -2.8305, -2.661, -2.4376, -2.1605, -1.828, -1.437, -0.98288, -0.45997, 0.13877, 0.82323, 1.6012, 2.4828, 3.4791, 4.6016, 5.8612, 7.2685, 8.8343, 10.561
0, -3.0795, -2.97, -2.803, -2.5814, -2.3053, -1.9731, -1.5817, -1.1264, -0.60157, 0, 0.68839, 1.4714, 2.3593, 3.3634, 4.4951, 5.7656, 7.1856, 8.766, 10.509
10, -3.2038, -3.0967, -2.9314, -2.7108, -2.4351, -2.1027, -1.7103, -1.2535, -0.72618, -0.12134, 0.57131, 1.3597, 2.2542, 3.2661, 4.407, 5.6882, 7.1206, 8.7148, 10.473
20, -3.3156, -3.2101, -3.0457, -2.8254, -2.5495, -2.2162, -1.8224, -1.3634, -0.83317, -0.22464, 0.47267, 1.2667, 2.168, 3.1878, 4.338, 5.6298, 7.0741, 8.6816, 10.454
30, -3.4144, -3.3097, -3.1455, -2.9247, -2.6478, -2.3131, -1.9171, -1.4554, -0.92181, -0.30912, 0.39328, 1.1933, 2.1016, 3.1296, 4.2889, 5.5911, 7.047, 8.6672, 10.453
40, -3.4998, -3.3948, -3.2299, -3.008, -2.7294, -2.3925, -1.9938, -1.5288, -0.99125, -0.3739, 0.33401, 1.1404, 2.056, 3.0922, 4.2608, 5.5731, 7.0402, 8.6723, 10.47
50, -3.571, -3.4649, -3.2984, -3.0745, -2.7935, -2.4536, -2.0516, -1.5826, -1.0405, -0.418, 0.29592, 1.1091, 2.0323, 3.0769, 4.2547, 5.577, 7.0548, 8.698, 10.507
60, -3.6272, -3.5189, -3.3499, -3.1231, -2.8389, -2.4954, -2.0893, -1.6157, -1.0685, -0.44027, 0.28016, 1.1005, 2.0315, 3.0847, 4.2717, 5.6037, 7.0904, 8.7389, 10.553
70, -3.6675, -3.556, -3.3835, -3.153, -2.8646, -2.5167, -2.1057, -1.6268, -1.0739, -0.43938, 0.28546, 1.1104, 2.0462, 3.1044, 4.2966, 5.6339, 7.126, 8.7799, 10.599
ENDTABLE

#RadioCtrl0 0    


LOG_ENTRY Used Dataset: Suspension: Camber Angle (Virtual Steering Axis); { D-Class } D-Class, Sedan - Front Left
#Library : Suspension: Camber Angle (Virtual Steering Axis)
#DataSet : D-Class, Sedan - Front Left
#Category: D-Class
#FileID  : CamVir_3cffd77c-fd87-461b-95bd-f998549219e5
#Modified: 05-28-2021 14:59:10
#Product : CarSim 2024.1
#DataVer : 2024.1
#VehCode Camber Angle

END
