PARSFILE
#FullDataName Suspension: Camber Angle (Virtual Steering Axis)`D-Class, Sedan - Front Right`D-Class
#CheckBox0 0    

*3D_XLabel Rack travel left (mm)
*3D_YLabel Suspension cmp. (jounce) (mm)
*3D_ZLabel Camber angle (deg)

#DiagramTwo0
*3D_DATA 19, 15 ! columns x rows
CAMBER_VIR_CARPET 2D_SPLINE
0, -90, -80, -70, -60, -50, -40, -30, -20, -10, 0, 10, 20, 30, 40, 50, 60, 70, 80, 90
-70, 11.185, 9.5728, 8.1062, 6.7828, 5.5928, 4.5272, 3.5762, 2.7294, 1.9773, 1.3105, 0.72069, 0.20046, -0.25663, -0.6559, -1.0016, -1.2968, -1.5433, -1.7412, -1.8884
-60, 11.046, 9.4131, 7.9285, 6.5902, 5.388, 4.3127, 3.354, 2.5017, 1.7457, 1.0765, 0.48675, -0.032179, -0.48705, -0.88327, -1.2251, -1.5157, -1.7567, -1.9482, -2.0879
-50, 10.921, 9.2675, 7.7655, 6.4126, 5.1985, 4.1136, 3.1474, 2.2895, 1.5294, 0.85767, 0.26672, -0.25233, -0.70628, -1.1006, -1.4397, -1.7265, -1.9629, -2.1487, -2.2817
-40, 10.809, 9.1364, 7.6175, 6.2505, 5.0247, 3.9303, 2.9566, 2.0929, 1.3287, 0.65419, 0.061767, -0.45771, -0.91109, -1.3039, -1.6406, -1.9243, -2.1565, -2.3373, -2.4642
-30, 10.712, 9.0201, 7.485, 6.1042, 4.8669, 3.7631, 2.782, 1.9124, 1.1439, 0.46631, -0.12788, -0.64813, -1.1013, -1.4931, -1.8279, -2.1088, -2.3375, -2.5139, -2.6353
-20, 10.629, 8.9193, 7.3685, 5.9743, 4.7257, 3.6126, 2.6239, 1.7483, 0.97522, 0.29437, -0.30192, -0.8233, -1.2767, -1.6679, -2.0013, -2.28, -2.5058, -2.6783, -2.795
-10, 10.561, 8.8343, 7.2685, 5.8612, 4.6016, 3.4791, 2.4828, 1.6012, 0.82323, 0.13877, -0.45997, -0.98288, -1.437, -1.828, -2.1605, -2.4376, -2.661, -2.8305, -2.9431
0, 10.509, 8.766, 7.1856, 5.7656, 4.4951, 3.3634, 2.3593, 1.4714, 0.68839, 0, -0.60157, -1.1264, -1.5817, -1.9731, -2.3053, -2.5814, -2.803, -2.97, -3.0795
10, 10.473, 8.7148, 7.1206, 5.6882, 4.407, 3.2661, 2.2542, 1.3597, 0.57131, -0.12134, -0.72618, -1.2535, -1.7103, -2.1027, -2.4351, -2.7108, -2.9314, -3.0967, -3.2038
20, 10.454, 8.6816, 7.0741, 5.6298, 4.338, 3.1878, 2.168, 1.2667, 0.47267, -0.22464, -0.83317, -1.3634, -1.8224, -2.2162, -2.5495, -2.8254, -3.0457, -3.2101, -3.3156
30, 10.453, 8.6672, 7.047, 5.5911, 4.2889, 3.1296, 2.1016, 1.1933, 0.39328, -0.30912, -0.92181, -1.4554, -1.9171, -2.3131, -2.6478, -2.9247, -3.1455, -3.3097, -3.4144
40, 10.47, 8.6723, 7.0402, 5.5731, 4.2608, 3.0922, 2.056, 1.1404, 0.33401, -0.3739, -0.99125, -1.5288, -1.9938, -2.3925, -2.7294, -3.008, -3.2299, -3.3948, -3.4998
50, 10.507, 8.698, 7.0548, 5.577, 4.2547, 3.0769, 2.0323, 1.1091, 0.29592, -0.418, -1.0405, -1.5826, -2.0516, -2.4536, -2.7935, -3.0745, -3.2984, -3.4649, -3.571
60, 10.553, 8.7389, 7.0904, 5.6037, 4.2717, 3.0847, 2.0315, 1.1005, 0.28016, -0.44027, -1.0685, -1.6157, -2.0893, -2.4954, -2.8389, -3.1231, -3.3499, -3.5189, -3.6272
70, 10.599, 8.7799, 7.126, 5.6339, 4.2966, 3.1044, 2.0462, 1.1104, 0.28546, -0.43938, -1.0739, -1.6268, -2.1057, -2.5167, -2.8646, -3.153, -3.3835, -3.556, -3.6675
ENDTABLE

#RadioCtrl0 0    


LOG_ENTRY Used Dataset: Suspension: Camber Angle (Virtual Steering Axis); { D-Class } D-Class, Sedan - Front Right
#Library : Suspension: Camber Angle (Virtual Steering Axis)
#DataSet : D-Class, Sedan - Front Right
#Category: D-Class
#FileID  : CamVir_2c2dd065-c2ba-4d00-bd9e-792ed1e29bc8
#Modified: 05-28-2021 14:59:10
#Product : CarSim 2024.1
#DataVer : 2024.1
#VehCode Camber Angle

END
