PARSFILE
#FullDataName Control: Speed (Closed Loop) Using Target Speed`Speeds for Trailer Oscillation Test`Speed vs Station
SET_ISPEED_FOR_ID 0
set_description SPEED_TARGET_ID Speeds for Trailer Oscillation Test
#CheckBox2 0    
#CheckBox3 1    
*SCALAR 0
#RingCtrl0 CONSTANT
#RingCtrl1 LINEAR
#RingCtrl2 ADD
SPEED_TARGET_COMBINE ADD
#RingCtrl3 1
#RadioCtrl0 0    
#RadioCtrl1 0    

INSTALL_SPEED_CONTROLLER
OPT_SC 1
SPEED_ID_SC SPEED_TARGET_ID
#CheckBox0 1    
OPT_BK_SC 1
#CheckBox1 1    
OPT_SC_ENGINE_BRAKING 1
#CheckBox4 0    
OPT_SC_2018 0
SPEED_KI 0
SPEED_KP 0.1
VLOW_STOP -1
BK_PERF_SC 0.1
FPD_PERF_SC 0.1
PBK_CON_MAX_SC 0.1
SPEED_KP3 0.05
SPEED_TARGET_CONSTANT 0
#DiagramOne1
SPEED_TARGET_S_TABLE LINEAR
0, 100
20.415, 101.8837156
40.83, 103.759997
61.245, 105.6214394
81.66, 107.4606966
102.075, 109.2705098
122.49, 111.0437366
142.905, 112.7733787
163.32, 114.4526102
183.735, 116.0748038
204.15, 117.6335576
224.565, 119.1227197
244.98, 120.5364132
265.395, 121.8690588
285.81, 123.1153973
306.225, 124.2705098
326.64, 125.3298378
347.055, 126.2892004
367.47, 127.1448116
387.885, 127.8932946
408.3, 128.5316955
428.715, 129.0574948
449.13, 129.4686175
469.545, 129.763441
489.96, 129.9408019
510.375, 130
530.79, 129.9408019
551.205, 129.763441
571.62, 129.4686175
592.035, 129.0574948
612.45, 128.5316955
632.865, 127.8932946
653.28, 127.1448116
673.695, 126.2892004
694.11, 125.3298378
714.525, 124.2705098
734.94, 123.1153973
755.355, 121.8690588
775.77, 120.5364132
796.185, 119.1227197
816.6, 117.6335576
837.015, 116.0748038
857.43, 114.4526102
877.845, 112.7733787
898.26, 111.0437366
918.675, 109.2705098
939.09, 107.4606966
959.505, 105.6214394
979.92, 103.759997
1000.335, 101.8837156
1020.75, 100
1041.165, 98.11628441
1061.58, 96.24000299
1081.995, 94.37856056
1102.41, 92.53930339
1122.825, 90.72949017
1143.24, 88.95626342
1163.655, 87.22662125
1184.07, 85.54738978
1204.485, 83.92519615
1224.9, 82.36644243
1245.315, 80.87728031
1265.73, 79.46358682
1286.145, 78.13094118
1306.56, 76.88460272
1326.975, 75.72949017
1347.39, 74.67016223
1367.805, 73.7107996
1388.22, 72.85518843
1408.635, 72.10670542
1429.05, 71.46830451
1449.465, 70.94250517
1469.88, 70.53138248
1490.295, 70.23655896
1510.71, 70.05919815
1531.125, 70
1551.54, 70.05919815
1571.955, 70.23655896
1592.37, 70.53138248
1612.785, 70.94250517
1633.2, 71.46830451
1653.615, 72.10670542
1674.03, 72.85518843
1694.445, 73.7107996
1714.86, 74.67016223
1735.275, 75.72949017
1755.69, 76.88460272
1776.105, 78.13094118
1796.52, 79.46358682
1816.935, 80.87728031
1837.35, 82.36644243
1857.765, 83.92519615
1878.18, 85.54738978
1898.595, 87.22662125
1919.01, 88.95626342
1939.425, 90.72949017
1959.84, 92.53930339
1980.255, 94.37856056
2000.67, 96.24000299
2021.085, 98.11628441
2041.5, 100
2061.915, 103.7674312
2082.33, 107.519994
2102.745, 111.2428789
2123.16, 114.9213932
2143.575, 118.5410197
2163.99, 122.0874732
2184.405, 125.5467575
2204.82, 128.9052204
2225.235, 132.1496077
2245.65, 135.2671151
2266.065, 138.2454394
2286.48, 141.0728264
2306.895, 143.7381176
2327.31, 146.2307946
2347.725, 148.5410197
2368.14, 150.6596755
2388.555, 152.5784008
2408.97, 154.2896231
2429.385, 155.7865892
2449.8, 157.063391
2470.215, 158.1149897
2490.63, 158.937235
2511.045, 159.5268821
2531.46, 159.8816037
2551.875, 160
2572.29, 159.8816037
2592.705, 159.5268821
2613.12, 158.937235
2633.535, 158.1149897
2653.95, 157.063391
2674.365, 155.7865892
2694.78, 154.2896231
2715.195, 152.5784008
2735.61, 150.6596755
2756.025, 148.5410197
2776.44, 146.2307946
2796.855, 143.7381176
2817.27, 141.0728264
2837.685, 138.2454394
2858.1, 135.2671151
2878.515, 132.1496077
2898.93, 128.9052204
2919.345, 125.5467575
2939.76, 122.0874732
2960.175, 118.5410197
2980.59, 114.9213932
3001.005, 111.2428789
3021.42, 107.519994
3041.835, 103.7674312
3062.25, 100
3082.665, 96.23256883
3103.08, 92.48000599
3123.495, 88.75712112
3143.91, 85.07860677
3164.325, 81.45898034
3184.74, 77.91252684
3205.155, 74.45324251
3225.57, 71.09477955
3245.985, 67.8503923
3266.4, 64.73288486
3286.815, 61.75456062
3307.23, 58.92717364
3327.645, 56.26188235
3348.06, 53.76920543
3368.475, 51.45898034
3388.89, 49.34032447
3409.305, 47.4215992
3429.72, 45.71037685
3450.135, 44.21341085
3470.55, 42.93660902
3490.965, 41.88501033
3511.38, 41.06276496
3531.795, 40.47311792
3552.21, 40.11839629
3572.625, 40
3593.04, 40.11839629
3613.455, 40.47311792
3633.87, 41.06276496
3654.285, 41.88501033
3674.7, 42.93660902
3695.115, 44.21341085
3715.53, 45.71037685
3735.945, 47.4215992
3756.36, 49.34032447
3776.775, 51.45898034
3797.19, 53.76920543
3817.605, 56.26188235
3838.02, 58.92717364
3858.435, 61.75456062
3878.85, 64.73288486
3899.265, 67.8503923
3919.68, 71.09477955
3940.095, 74.45324251
3960.51, 77.91252684
3980.925, 81.45898034
4001.34, 85.07860677
4021.755, 88.75712112
4042.17, 92.48000599
4062.585, 96.23256883
4083, 100
ENDTABLE

#EMBEDDED_NOTES
#Station refers to proving ground north/south straight test track.
#
#Speed is increased throughout the straights, with slow downs in the turnaround sections.
#END_EMBEDDED_NOTES

LOG_ENTRY Used Dataset: Control: Speed (Closed Loop) Using Target Speed; { Speed vs Station } Speeds for Trailer Oscillation Test
#Library : Control: Speed (Closed Loop) Using Target Speed
#DataSet : Speeds for Trailer Oscillation Test
#Category: Speed vs Station
#FileID  : SpdTime_404ec552-9ba3-4c07-84fc-b76a99013321
#Modified: 05-28-2021 15:02:38
#Product : CarSim 2024.1
#DataVer : 2024.1
#VehCode Target Speed

END
