PARSFILE
#FullDataName Control: Steering by the Closed-loop Driver Model`Lat Target for Trailer Oscillation Test`Vehicle Dynamics Tests
SET_ILTARG_FOR_ID 0
set_description LTARG_ID Lat Target for Trailer Oscillation Test
INSTALL_DM_PATH_FOLLOWER
#CheckBox4 1    
OPT_DM 3
INSTALL_DM_IMPORTS
#RingCtrl0 0
#RingCtrl1 SPLINE_FLAT
#RingCtrl2 1
#DiagramOne0
LTARG_TABLE SPLINE_FLAT
0, 0
20.415, 0.475528258
40.83, 0.293892626
61.245, -0.293892626
81.66, -0.475528258
102.075, -5.66604e-16
122.49, 0.475528258
142.905, 0.293892626
163.32, -0.293892626
183.735, -0.475528258
204.15, -2.02139e-15
224.565, 0.475528258
244.98, 0.293892626
265.395, -0.293892626
285.81, -0.475528258
306.225, -2.1439e-15
326.64, 0.475528258
347.055, 0.293892626
367.47, -0.293892626
387.885, -0.475528258
408.3, 1.2863e-15
428.715, 0.475528258
449.13, 0.293892626
469.545, -0.293892626
489.96, -0.475528258
510.375, 2.94014e-15
530.79, 0.475528258
551.205, 0.293892626
571.62, -0.293892626
592.035, -0.475528258
612.45, -7.35089e-16
632.865, 0.475528258
653.28, 0.293892626
673.695, -0.293892626
694.11, -0.475528258
714.525, -7.96303e-15
734.94, 0.475528258
755.355, 0.293892626
775.77, -0.293892626
796.185, -0.475528258
816.6, -1.16383e-14
837.015, 0.475528258
857.43, 0.293892626
877.845, -0.293892626
898.26, -0.475528258
918.675, -1.88662e-14
939.09, 0.475528258
959.505, 0.293892626
979.92, -0.293892626
1000.335, -0.475528258
1020.75, -2.25414e-14
1041.165, 0
1061.58, 0
1081.995, 0
1102.41, 0
1122.825, 0
1143.24, 0
1163.655, 0
1184.07, 0
1204.485, 0
1224.9, 0
1245.315, 0
1265.73, 0
1286.145, 0
1306.56, 0
1326.975, 0
1347.39, 0
1367.805, 0
1388.22, 0
1408.635, 0
1429.05, 0
1449.465, 0
1469.88, 0
1490.295, 0
1510.71, 0
1531.125, 0
1551.54, 0
1571.955, 0
1592.37, 0
1612.785, 0
1633.2, 0
1653.615, 0
1674.03, 0
1694.445, 0
1714.86, 0
1735.275, 0
1755.69, 0
1776.105, 0
1796.52, 0
1816.935, 0
1837.35, 0
1857.765, 0
1878.18, 0
1898.595, 0
1919.01, 0
1939.425, 0
1959.84, 0
1980.255, 0
2000.67, 0
2021.085, 0
2041.5, -8.061e-14
2061.915, 0.475528258
2082.33, 0.293892626
2102.745, -0.293892626
2123.16, -0.475528258
2143.575, -8.42852e-14
2163.99, 0.475528258
2184.405, 0.293892626
2204.82, -0.293892626
2225.235, -0.475528258
2245.65, -8.0855e-14
2266.065, 0.475528258
2286.48, 0.293892626
2306.895, -0.293892626
2327.31, -0.475528258
2347.725, -9.16357e-14
2368.14, 0.475528258
2388.555, 0.293892626
2408.97, -0.293892626
2429.385, -0.475528258
2449.8, -1.02416e-13
2470.215, 0.475528258
2490.63, 0.293892626
2511.045, -0.293892626
2531.46, -0.475528258
2551.875, -9.89861e-14
2572.29, 0.475528258
2592.705, 0.293892626
2613.12, -0.293892626
2633.535, -0.475528258
2653.95, -1.09767e-13
2674.365, 0.475528258
2694.78, 0.293892626
2715.195, -0.293892626
2735.61, -0.475528258
2756.025, -1.20547e-13
2776.44, 0.475528258
2796.855, 0.293892626
2817.27, -0.293892626
2837.685, -0.475528258
2858.1, -1.17117e-13
2878.515, 0.475528258
2898.93, 0.293892626
2919.345, -0.293892626
2939.76, -0.475528258
2960.175, -1.27898e-13
2980.59, 0.475528258
3001.005, 0.293892626
3021.42, -0.293892626
3041.835, -0.475528258
3062.25, -1.38679e-13
3082.665, 0
3103.08, 0
3123.495, 0
3143.91, 0
3164.325, 0
3184.74, 0
3205.155, 0
3225.57, 0
3245.985, 0
3266.4, 0
3286.815, 0
3307.23, 0
3327.645, 0
3348.06, 0
3368.475, 0
3388.89, 0
3409.305, 0
3429.72, 0
3450.135, 0
3470.55, 0
3490.965, 0
3511.38, 0
3531.795, 0
3552.21, 0
3572.625, 0
3593.04, 0
3613.455, 0
3633.87, 0
3654.285, 0
3674.7, 0
3695.115, 0
3715.53, 0
3735.945, 0
3756.36, 0
3776.775, 0
3797.19, 0
3817.605, 0
3838.02, 0
3858.435, 0
3878.85, 0
3899.265, 0
3919.68, 0
3940.095, 0
3960.51, 0
3980.925, 0
4001.34, 0
4021.755, 0
4042.17, 0
4062.585, 0
4083, 0
ENDTABLE
#RadioCtrl0 0    

*SCALAR 0
SET_PATH_WIDTH 0.1
SET_PATH_DASH_INTERVAL 1.0
SET_PATH_VERTEX_INTERVAL 1
SET_PATH_DZ 0.03
SET_PATH_COLOR 0.4 0.4 1
#CheckBox2 0    
#CheckBox3 1    
LTARG_ID_DM LTARG_ID
#CheckBox0 0    
#CheckBox1 0    
CREATE_PATH_OBJ off
#CheckBox5 0    
OPT_STR_BY_TRQ 0
AV_SW_MAX_DM 1200
A_SW_MAX_DM 720
*TPREV 0.25
*GAIN 0
VLOW_DM 10
TPREV_CONSTANT 0.25

#EMBEDDED_NOTES
#Station refers to proving ground north/south straight test track.
#
#A constant frequency steering oscillation for the straights is implemented with this lateral target dataset. This is used with a speed control dataset with increasing speed, to excite the yaw DOF of the trailer.
#END_EMBEDDED_NOTES

LOG_ENTRY Used Dataset: Control: Steering by the Closed-loop Driver Model; { Vehicle Dynamics Tests } Lat Target for Trailer Oscillation Test
#Library : Control: Steering by the Closed-loop Driver Model
#DataSet : Lat Target for Trailer Oscillation Test
#Category: Vehicle Dynamics Tests
#FileID  : StrDM_5eb43be4-bb5a-443e-a58a-779634df0fdf
#Modified: 11-02-2022 15:25:48
#Product : CarSim 2024.1
#DataVer : 2024.1
#VehCode Driver Path Follower

END
