PARSFILE
#FullDataName Tire: Longitudinal Force`Scaled Fx, basis 215/55 R17 touring tire`Normalized Tires
#CheckBox0 1    

#MiscYellow0
fx_tire_gain = FZ_REF
fz_scale_fx_tire = FZ_REF
kappa_scale_fx_tire = FZ_REF
#ENDMYellow

#RingCtrl0 CARPET_FROM_ZERO
#RadioCtrl0 0    
#RadioCtrl1 0    

*3D_XLabel Vertical load (N)
*3D_YLabel Abs. slip ratio [Kappa] (-)
*3D_ZLabel Abs. longitudinal tire force Fx (N)

#DiagramTwo0
*3D_DATA 8, 51 ! columns x rows
FX_TIRE_CARPET 2D_FROM_ZERO
0, 0.245166154, 0.490332308, 0.735498462, 0.980664615, 1.225830769, 1.470996923, 1.716163077, 1.961330769
3.07692e-06, 0.133238462, 0.261918462, 0.385335385, 0.503089231, 0.614909231, 0.720592308, 0.819990769, 0.912996923
6.15385e-06, 0.199541538, 0.3932, 0.580030769, 0.759467692, 0.931104615, 1.094618462, 1.249752308, 1.396290769
9.23077e-06, 0.226438462, 0.446804615, 0.660104615, 0.865735385, 1.063250769, 1.252290769, 1.432552308, 1.603781538
1.23077e-05, 0.237784615, 0.469533846, 0.694252308, 0.911333846, 1.12032, 1.320841538, 1.512584615, 1.695276923
1.53846e-05, 0.242666154, 0.479378462, 0.709156923, 0.931395385, 1.145635385, 1.351506154, 1.548689231, 1.736907692
1.84615e-05, 0.244538462, 0.483215385, 0.715061538, 0.939476923, 1.156007692, 1.364283077, 1.563984615, 1.754835385
2.15385e-05, 0.244886154, 0.483998462, 0.71638, 0.941438462, 1.158723077, 1.367867692, 1.568555385, 1.760506154
2.46154e-05, 0.244421538, 0.483149231, 0.71524, 0.940107692, 1.157306154, 1.366470769, 1.567289231, 1.759481538
2.76923e-05, 0.243516923, 0.481412308, 0.712755385, 0.936966154, 1.153603077, 1.362306154, 1.562763077, 1.7547
3.07692e-05, 0.242376923, 0.4792, 0.709544615, 0.93284, 1.148649231, 1.356612308, 1.556424615, 1.747807692
3.38462e-05, 0.241123077, 0.476749231, 0.705967692, 0.928209231, 1.143043077, 1.350113846, 1.549115385, 1.739775385
3.69231e-05, 0.239823077, 0.474204615, 0.702236923, 0.92336, 1.137146154, 1.343241538, 1.541344615, 1.731186154
4e-05, 0.238521538, 0.471649231, 0.698483077, 0.918466154, 1.131176923, 1.336263077, 1.533426154, 1.722398462
4.30769e-05, 0.237243077, 0.469133846, 0.694781538, 0.913632308, 1.125267692, 1.32934, 1.525549231, 1.713633846
4.61538e-05, 0.236003077, 0.466690769, 0.69118, 0.908921538, 1.1195, 1.322569231, 1.517833846, 1.705030769
4.92308e-05, 0.234807692, 0.464335385, 0.687704615, 0.904370769, 1.11392, 1.316010769, 1.510349231, 1.696672308
5.23077e-05, 0.233663077, 0.462076923, 0.684369231, 0.899998462, 1.108555385, 1.309696923, 1.503133846, 1.688604615
5.53846e-05, 0.232569231, 0.459918462, 0.681178462, 0.895813846, 1.103415385, 1.303643077, 1.496207692, 1.680852308
5.84615e-05, 0.231526154, 0.45786, 0.678135385, 0.891818462, 1.098503077, 1.297852308, 1.489578462, 1.673426154
6.15385e-05, 0.230535385, 0.4559, 0.675235385, 0.888009231, 1.093818462, 1.292326154, 1.483246154, 1.666326154
6.46154e-05, 0.229590769, 0.454033846, 0.672473846, 0.884381538, 1.089352308, 1.287053846, 1.477203077, 1.659544615
6.76923e-05, 0.228693846, 0.45226, 0.669846154, 0.880926154, 1.085096923, 1.282029231, 1.47144, 1.653075385
7.07692e-05, 0.22784, 0.450572308, 0.667346154, 0.877636923, 1.081044615, 1.277241538, 1.465944615, 1.646903077
7.38462e-05, 0.227029231, 0.448966154, 0.664964615, 0.874504615, 1.077184615, 1.272678462, 1.460704615, 1.641013846
7.69231e-05, 0.226255385, 0.447436923, 0.662698462, 0.87152, 1.073504615, 1.268327692, 1.455707692, 1.635396923
8e-05, 0.22552, 0.44598, 0.660538462, 0.868676923, 1.069998462, 1.264178462, 1.45094, 1.630035385
8.30769e-05, 0.22482, 0.444592308, 0.65848, 0.865964615, 1.066652308, 1.26022, 1.446390769, 1.624915385
8.61538e-05, 0.224150769, 0.443267692, 0.656515385, 0.863376923, 1.06346, 1.256441538, 1.442044615, 1.620024615
8.92308e-05, 0.223513846, 0.442004615, 0.654641538, 0.860906154, 1.060410769, 1.252832308, 1.437892308, 1.615350769
9.23077e-05, 0.222904615, 0.440798462, 0.652850769, 0.858546154, 1.057496923, 1.249381538, 1.433923077, 1.61088
9.53846e-05, 0.222323077, 0.439644615, 0.651138462, 0.856290769, 1.054710769, 1.24608, 1.430124615, 1.606601538
9.84615e-05, 0.221766154, 0.438543077, 0.649501538, 0.854130769, 1.052043077, 1.24292, 1.426487692, 1.602504615
0.000101538, 0.221233846, 0.437486154, 0.647933846, 0.852063077, 1.049489231, 1.239893846, 1.423004615, 1.598578462
0.000104615, 0.220723077, 0.436475385, 0.646432308, 0.850083077, 1.047043077, 1.236993846, 1.419664615, 1.594812308
0.000107692, 0.220235385, 0.435506154, 0.644992308, 0.848183077, 1.044695385, 1.234210769, 1.41646, 1.5912
0.000110769, 0.219766154, 0.434576923, 0.643610769, 0.846361538, 1.042443077, 1.23154, 1.413383077, 1.587730769
0.000113846, 0.219315385, 0.433684615, 0.642284615, 0.844610769, 1.04028, 1.228975385, 1.410427692, 1.584398462
0.000116923, 0.218883077, 0.432826154, 0.641010769, 0.842929231, 1.038201538, 1.226509231, 1.407587692, 1.581193846
0.00012, 0.218467692, 0.432003077, 0.639786154, 0.841312308, 1.036201538, 1.224138462, 1.404853846, 1.578110769
0.000123077, 0.218067692, 0.431209231, 0.638607692, 0.839756923, 1.034278462, 1.221856923, 1.402224615, 1.575143077
0.000126154, 0.217683077, 0.430446154, 0.637472308, 0.83826, 1.032426154, 1.219658462, 1.399690769, 1.572284615
0.000129231, 0.217313846, 0.429710769, 0.63638, 0.836816923, 1.030641538, 1.217541538, 1.397249231, 1.569529231
0.000132308, 0.216956923, 0.429003077, 0.635327692, 0.835426154, 1.028921538, 1.2155, 1.394895385, 1.566872308
0.000135385, 0.216612308, 0.42832, 0.634310769, 0.834084615, 1.027261538, 1.213530769, 1.392624615, 1.564309231
0.000138462, 0.21628, 0.427661538, 0.633330769, 0.832790769, 1.02566, 1.211629231, 1.390432308, 1.561833846
0.000141538, 0.21596, 0.427024615, 0.632384615, 0.831541538, 1.024113846, 1.209793846, 1.388313846, 1.559441538
0.000144615, 0.215649231, 0.426409231, 0.631470769, 0.830333846, 1.022618462, 1.208018462, 1.386267692, 1.557130769
0.000147692, 0.215350769, 0.425815385, 0.630586154, 0.829166154, 1.021173846, 1.206303077, 1.384289231, 1.554895385
0.000150769, 0.215061538, 0.425241538, 0.629732308, 0.828036923, 1.019776923, 1.204644615, 1.382373846, 1.552733846
0.000153846, 0.214781538, 0.424684615, 0.628904615, 0.826944615, 1.018424615, 1.203038462, 1.38052, 1.55064
0.000156923, 0.214781538, 0.424684615, 0.628904615, 0.826944615, 1.018424615, 1.203038462, 1.38052, 1.55064
ENDTABLE

MU_REF_X 1.0


#EMBEDDED_NOTES
#Reference load for the source data tire: 6500 N
#
#Scaling tire data is one way to estimate properties of a tire of a different size compared to the source data but of the same construction.
#
#By scaling the data in all dimensions, the linear-range performance (e.g., cornering stiffness) of the tire is the same as the original.
#END_EMBEDDED_NOTES

LOG_ENTRY Used Dataset: Tire: Longitudinal Force; { Normalized Tires } Scaled Fx, basis 215/55 R17 touring tire
#Library : Tire: Longitudinal Force
#DataSet : Scaled Fx, basis 215/55 R17 touring tire
#Category: Normalized Tires
#FileID  : TireFx_fbbf5030-8f7f-4132-be67-a6e429187972
#Modified: 05-28-2021 14:58:50
#Product : CarSim 2024.1
#DataVer : 2024.1
#VehCode Tire: Fx

END
