PARSFILE
#FullDataName Road: Rolling Resistance Map, Variable Width`Highway Merge Lane`
#RingCtrl0 2D_STEP
*3D_DATA 23, 2 ! columns x rows
RR_SURF_CARPET VAR_WIDTH_STEP
0, 1, 2, 3, 4, 5, 6, 7, 8, 9, 10, 11, 12, 13, 14, 15, 16, 17, 18, 19, 20, 21, 22, 23
0, 1, 1, 1.5, 2, 2, 1.5, 1, 1, 1, 1.5, 2, 2, 2, 1.5, 1, 1, 1, 1.5, 2, 2, 2, 1, 1
1000, 1, 1, 1.5, 2, 2, 1.5, 1, 1, 1, 1.5, 2, 2, 2, 1.5, 1, 1, 1, 1.5, 2, 2, 2, 1, 1
ENDDATA
0, 1, 2, 3, 4, 5, 6, 7, 8, 9, 10, 11, 12, 13, 14, 15, 16, 17, 18, 19, 20, 21, 22, 23
0, -50, 2, 2.5, 5, 7.5, 10, 11, 15, 19, 20, 22.5, 25, 27.5, 33.9, 34.9, 35, 39, 40, 42.5, 45, 47.5, 80, 100
100, -50, 2, 2.5, 5, 7.5, 10, 11, 15, 19, 20, 22.5, 25, 27.5, 33.9, 34.9, 35, 39, 40, 42.5, 45, 47.5, 80, 100
150, -50, 2, 2.5, 5, 7.5, 10, 11, 15, 19, 20, 22.5, 25, 27.5, 33.9, 34.9, 35, 39, 40, 42.5, 45, 47.5, 80, 100
200, -50, 2, 2.5, 5, 7.5, 10, 11, 15, 19, 20, 22.5, 25, 27.5, 33.9, 34.9, 35, 39, 40, 42.5, 45, 47.5, 80, 100
600, -50, 2, 2.5, 5, 7.5, 10, 11, 15, 19, 20, 22.5, 25, 27.5, 30, 31, 35, 39, 40, 42.5, 45, 47.5, 80, 100
1000, -50, 2, 2.5, 5, 7.5, 10, 11, 15, 19, 20, 22.5, 25, 27.5, 30, 31, 35, 39, 40, 42.5, 45, 47.5, 80, 100
ENDCOLS
ENDTABLE
*3D_XLabel Lateral coordinate (m)
*3D_YLabel Station (m)
*3D_ZLabel Rolling Resistance coefficient (-)

#DiagramTwo0
*3D_DATA 23, 2 ! columns x rows
RdTb1_CARPET 2D_STEP
0, 1, 2, 3, 4, 5, 6, 7, 8, 9, 10, 11, 12, 13, 14, 15, 16, 17, 18, 19, 20, 21, 22, 23
0, 1, 1, 1.5, 2, 2, 1.5, 1, 1, 1, 1.5, 2, 2, 2, 1.5, 1, 1, 1, 1.5, 2, 2, 2, 1, 1
1000, 1, 1, 1.5, 2, 2, 1.5, 1, 1, 1, 1.5, 2, 2, 2, 1.5, 1, 1, 1, 1.5, 2, 2, 2, 1, 1
ENDTABLE

*3D_XLabel Lateral coordinate (m)
*3D_YLabel Station (m)
*3D_ZLabel Lateral coordinate of edge (m)

#DiagramTwo1
*3D_DATA 23, 6 ! columns x rows
RdTb2_CARPET 2D_LINEAR
0, 1, 2, 3, 4, 5, 6, 7, 8, 9, 10, 11, 12, 13, 14, 15, 16, 17, 18, 19, 20, 21, 22, 23
0, -50, 2, 2.5, 5, 7.5, 10, 11, 15, 19, 20, 22.5, 25, 27.5, 33.9, 34.9, 35, 39, 40, 42.5, 45, 47.5, 80, 100
100, -50, 2, 2.5, 5, 7.5, 10, 11, 15, 19, 20, 22.5, 25, 27.5, 33.9, 34.9, 35, 39, 40, 42.5, 45, 47.5, 80, 100
150, -50, 2, 2.5, 5, 7.5, 10, 11, 15, 19, 20, 22.5, 25, 27.5, 33.9, 34.9, 35, 39, 40, 42.5, 45, 47.5, 80, 100
200, -50, 2, 2.5, 5, 7.5, 10, 11, 15, 19, 20, 22.5, 25, 27.5, 33.9, 34.9, 35, 39, 40, 42.5, 45, 47.5, 80, 100
600, -50, 2, 2.5, 5, 7.5, 10, 11, 15, 19, 20, 22.5, 25, 27.5, 30, 31, 35, 39, 40, 42.5, 45, 47.5, 80, 100
1000, -50, 2, 2.5, 5, 7.5, 10, 11, 15, 19, 20, 22.5, 25, 27.5, 30, 31, 35, 39, 40, 42.5, 45, 47.5, 80, 100
ENDTABLE

#RadioCtrl0 0    
#RadioCtrl1 0    



LOG_ENTRY Used Dataset: Road: Rolling Resistance Map, Variable Width; Highway Merge Lane
#Library : Road: Rolling Resistance Map, Variable Width
#DataSet : Highway Merge Lane
#Category: 
#FileID  : VarWidRr_54996d04-474d-4075-8c03-638a495dbe09
#Modified: 05-28-2021 15:00:37
#Product : CarSim 2024.1
#DataVer : 2024.1
#VehCode RR via S-L, Variable Width

END
