PARSFILE
#FullDataName Path: X-Y Coordinates`E Loop, CW, 1008`City Advanced Intersection Path Data
#RingCtrl0 2
SET_IPATH_FOR_ID 1008
DEFINE_XY_TABLES 1
ITAB_XY = NTAB_XY
XY_TABLE_ID = ITAB_XY
SET_DESCRIPTION PATH_ID E Loop, CW, 1008
SET_DESCRIPTION XY_TABLE_ID E Loop, CW, 1008
IPATHSEG = 1
PATH_ID_DM = PATH_ID
SEGMENT_TYPE = 1
XY_SEGMENT_ID = XY_TABLE_ID

#CheckBox0 1    
OPT_PATH_LOOP 1
#CheckBox1 0    
#CheckBox4 0    

#RadioCtrl0 1    

#DiagramOne0
SEGMENT_XY_TABLE
153.6580, 0.0000, 0.0000
153.6580, 100.0000, 100.0000
153.6580, 200.0000, 200.0000
153.6580, 300.0000, 300.0000
153.6580, 339.1335, 339.1335
154.4106, 342.3158, 342.4036
155.9822, 344.4016, 345.0152
158.4513, 345.9072, 347.9071
160.9307, 346.3430, 350.4245
200.0000, 346.3430, 389.4938
300.0000, 346.3410, 489.4938
300.8717, 346.3430, 490.3655
302.8741, 346.2513, 492.3700
304.9006, 346.0827, 494.4035
306.9294, 345.8238, 496.4488
308.9446, 345.4669, 498.4953
310.9459, 345.0284, 500.5441
312.9382, 344.5062, 502.6037
314.9031, 343.8872, 504.6638
316.9220, 343.1457, 506.8146
318.7387, 342.3889, 508.7826
320.6089, 341.5095, 510.8493
322.4348, 340.5491, 512.9123
324.2267, 339.5016, 514.9879
325.9700, 338.3750, 517.0636
327.6508, 337.1795, 519.1262
329.2848, 335.9043, 521.1989
330.8730, 334.5466, 523.2883
332.3780, 333.1395, 525.3486
333.8246, 331.6617, 527.4166
335.2169, 330.1068, 529.5038
336.5235, 328.5100, 531.5670
337.7662, 326.8457, 533.6441
338.9263, 325.1383, 535.7083
340.0200, 323.3628, 537.7936
341.0165, 321.5708, 539.8441
341.9433, 319.7136, 541.9197
342.7818, 317.8259, 543.9852
343.5341, 315.9040, 546.0491
344.1978, 313.9555, 548.1076
344.7754, 311.9725, 550.1730
345.2566, 309.9967, 552.2065
345.6536, 307.9801, 554.2618
345.9599, 305.9516, 556.3133
346.1737, 303.9405, 558.3358
346.3006, 301.9026, 560.3776
346.3420, 300.7068, 561.5741
346.3420, 300.0000, 562.2809
346.3420, 200.0000, 662.2809
346.3420, 100.0000, 762.2809
346.3430, 0.0000, 862.2809
346.3430, -0.8717, 863.1526
346.2513, -2.8741, 865.1571
346.0827, -4.9006, 867.1906
345.8238, -6.9294, 869.2359
345.4669, -8.9446, 871.2824
345.0284, -10.9459, 873.3312
344.5062, -12.9382, 875.3908
343.8872, -14.9031, 877.4509
343.1457, -16.9220, 879.6017
342.3889, -18.7387, 881.5697
341.5095, -20.6089, 883.6363
340.5491, -22.4348, 885.6994
339.5016, -24.2267, 887.7750
338.3750, -25.9700, 889.8507
337.1795, -27.6508, 891.9133
335.9043, -29.2848, 893.9860
334.5466, -30.8730, 896.0754
333.1395, -32.3780, 898.1357
331.6617, -33.8246, 900.2037
330.1068, -35.2169, 902.2909
328.5100, -36.5235, 904.3541
326.8457, -37.7662, 906.4312
325.1383, -38.9263, 908.4954
323.3628, -40.0200, 910.5807
321.5708, -41.0165, 912.6312
319.7136, -41.9433, 914.7068
317.8259, -42.7818, 916.7723
315.9040, -43.5341, 918.8362
313.9555, -44.1978, 920.8947
311.9725, -44.7754, 922.9601
309.9967, -45.2566, 924.9936
307.9801, -45.6536, 927.0489
305.9516, -45.9599, 929.1004
303.9405, -46.1737, 931.1228
301.9026, -46.3006, 933.1647
300.7068, -46.3420, 934.3612
300.0000, -46.3420, 935.0680
200.0000, -46.3420, 1035.0680
160.8422, -46.3425, 1074.2258
158.3299, -45.8907, 1076.7784
155.7723, -44.2443, 1079.8201
154.4504, -42.4319, 1082.0634
153.6570, -39.1335, 1085.4559
153.6580, 0.0000, 1124.5894
ENDTABLE

#EMBEDDED_NOTES
#A path included in the City Intersection VS Scene Builder asset.
#END_EMBEDDED_NOTES

LOG_ENTRY Used Dataset: Path: X-Y Coordinates; { City Advanced Intersection Path Data } E Loop, CW, 1008
#Library : Path: X-Y Coordinates
#DataSet : E Loop, CW, 1008
#Category: City Advanced Intersection Path Data
#FileID  : PathXY_8e93a7bd-760a-47c9-9635-d744a0ae0c8e
#Modified: 05-28-2021 15:00:48
#Product : CarSim 2024.1
#DataVer : 2024.1
#VehCode X-Y Coordinates of Path

END
