PARSFILE
#FullDataName Path: X-Y Coordinates`N Loop, CW, 1010`City Advanced Intersection Path Data
#RingCtrl0 2
SET_IPATH_FOR_ID 1010
DEFINE_XY_TABLES 1
ITAB_XY = NTAB_XY
XY_TABLE_ID = ITAB_XY
SET_DESCRIPTION PATH_ID N Loop, CW, 1010
SET_DESCRIPTION XY_TABLE_ID N Loop, CW, 1010
IPATHSEG = 1
PATH_ID_DM = PATH_ID
SEGMENT_TYPE = 1
XY_SEGMENT_ID = XY_TABLE_ID

#CheckBox0 1    
OPT_PATH_LOOP 1
#CheckBox1 0    
#CheckBox4 0    

#RadioCtrl0 1    

#DiagramOne0
SEGMENT_XY_TABLE
300.0000, 153.6580, 0.0000
200.0000, 153.6580, 100.0000
100.0000, 153.6580, 200.0000
0.0000, 153.6580, 300.0000
-39.1335, 153.6580, 339.1335
-42.3158, 154.4106, 342.4036
-44.4016, 155.9822, 345.0152
-45.9072, 158.4513, 347.9071
-46.3430, 160.9307, 350.4245
-46.3430, 200.0000, 389.4938
-46.3410, 300.0000, 489.4938
-46.3430, 300.8717, 490.3655
-46.2513, 302.8741, 492.3700
-46.0827, 304.9006, 494.4035
-45.8238, 306.9294, 496.4488
-45.4669, 308.9446, 498.4953
-45.0284, 310.9459, 500.5441
-44.5062, 312.9382, 502.6037
-43.8872, 314.9031, 504.6638
-43.1457, 316.9220, 506.8146
-42.3889, 318.7387, 508.7826
-41.5095, 320.6089, 510.8493
-40.5491, 322.4348, 512.9123
-39.5016, 324.2267, 514.9879
-38.3750, 325.9700, 517.0636
-37.1795, 327.6508, 519.1262
-35.9043, 329.2848, 521.1989
-34.5466, 330.8730, 523.2883
-33.1395, 332.3780, 525.3486
-31.6617, 333.8246, 527.4166
-30.1068, 335.2169, 529.5038
-28.5100, 336.5235, 531.5670
-26.8457, 337.7662, 533.6441
-25.1383, 338.9263, 535.7083
-23.3628, 340.0200, 537.7936
-21.5708, 341.0165, 539.8441
-19.7136, 341.9433, 541.9197
-17.8259, 342.7818, 543.9852
-15.9040, 343.5341, 546.0491
-13.9555, 344.1978, 548.1076
-11.9725, 344.7754, 550.1730
-9.9967, 345.2566, 552.2065
-7.9801, 345.6536, 554.2618
-5.9516, 345.9599, 556.3133
-3.9405, 346.1737, 558.3358
-1.9026, 346.3006, 560.3776
-0.7068, 346.3420, 561.5741
0.0000, 346.3420, 562.2809
100.0000, 346.3420, 662.2809
200.0000, 346.3420, 762.2809
300.0000, 346.3410, 862.2809
300.8717, 346.3430, 863.1526
302.8741, 346.2513, 865.1571
304.9006, 346.0827, 867.1906
306.9294, 345.8238, 869.2359
308.9446, 345.4669, 871.2824
310.9459, 345.0284, 873.3312
312.9382, 344.5062, 875.3908
314.9031, 343.8872, 877.4509
316.9220, 343.1457, 879.6017
318.7387, 342.3889, 881.5697
320.6089, 341.5095, 883.6363
322.4348, 340.5491, 885.6994
324.2267, 339.5016, 887.7750
325.9700, 338.3750, 889.8507
327.6508, 337.1795, 891.9133
329.2848, 335.9043, 893.9860
330.8730, 334.5466, 896.0754
332.3780, 333.1395, 898.1357
333.8246, 331.6617, 900.2037
335.2169, 330.1068, 902.2909
336.5235, 328.5100, 904.3541
337.7662, 326.8457, 906.4312
338.9263, 325.1383, 908.4954
340.0200, 323.3628, 910.5807
341.0165, 321.5708, 912.6312
341.9433, 319.7136, 914.7068
342.7818, 317.8259, 916.7723
343.5341, 315.9040, 918.8362
344.1978, 313.9555, 920.8947
344.7754, 311.9725, 922.9601
345.2566, 309.9967, 924.9936
345.6536, 307.9801, 927.0489
345.9599, 305.9516, 929.1004
346.1737, 303.9405, 931.1228
346.3006, 301.9026, 933.1647
346.3420, 300.7068, 934.3612
346.3420, 300.0000, 935.0680
346.3420, 200.0000, 1035.0680
346.3425, 160.8422, 1074.2258
345.8907, 158.3299, 1076.7784
344.2443, 155.7723, 1079.8201
342.4319, 154.4504, 1082.0634
339.1335, 153.6570, 1085.4559
300.0000, 153.6580, 1124.5894
ENDTABLE

#EMBEDDED_NOTES
#A path included in the City Intersection VS Scene Builder asset.
#END_EMBEDDED_NOTES

LOG_ENTRY Used Dataset: Path: X-Y Coordinates; { City Advanced Intersection Path Data } N Loop, CW, 1010
#Library : Path: X-Y Coordinates
#DataSet : N Loop, CW, 1010
#Category: City Advanced Intersection Path Data
#FileID  : PathXY_99eb13ba-a2a2-4894-8fca-9e254c5d594b
#Modified: 05-28-2021 15:00:48
#Product : CarSim 2024.1
#DataVer : 2024.1
#VehCode X-Y Coordinates of Path

END
