PARSFILE
#FullDataName Path: X-Y Coordinates`W Loop, CW, 1009`City Advanced Intersection Path Data
#RingCtrl0 2
SET_IPATH_FOR_ID 1009
DEFINE_XY_TABLES 1
ITAB_XY = NTAB_XY
XY_TABLE_ID = ITAB_XY
SET_DESCRIPTION PATH_ID W Loop, CW, 1009
SET_DESCRIPTION XY_TABLE_ID W Loop, CW, 1009
IPATHSEG = 1
PATH_ID_DM = PATH_ID
SEGMENT_TYPE = 1
XY_SEGMENT_ID = XY_TABLE_ID

#CheckBox0 1    
OPT_PATH_LOOP 1
#CheckBox1 0    
#CheckBox4 0    

#RadioCtrl0 1    

#DiagramOne0
SEGMENT_XY_TABLE
146.3420, 300.0000, 0.0000
146.3420, 200.0000, 100.0000
146.3420, 100.0000, 200.0000
146.3420, 0.0000, 300.0000
146.3420, -39.1335, 339.1335
145.5894, -42.3158, 342.4036
144.0178, -44.4016, 345.0152
141.5487, -45.9072, 347.9071
139.0693, -46.3430, 350.4245
100.0000, -46.3430, 389.4938
0.0000, -46.3430, 489.4938
-0.8717, -46.3430, 490.3655
-2.8741, -46.2513, 492.3700
-4.9006, -46.0827, 494.4035
-6.9294, -45.8238, 496.4488
-8.9446, -45.4669, 498.4953
-10.9459, -45.0284, 500.5441
-12.9382, -44.5062, 502.6037
-14.9031, -43.8872, 504.6638
-16.9220, -43.1457, 506.8146
-18.7387, -42.3889, 508.7826
-20.6089, -41.5095, 510.8492
-22.4348, -40.5491, 512.9123
-24.2267, -39.5016, 514.9879
-25.9700, -38.3750, 517.0636
-27.6508, -37.1795, 519.1262
-29.2848, -35.9043, 521.1989
-30.8730, -34.5466, 523.2883
-32.3780, -33.1395, 525.3486
-33.8246, -31.6617, 527.4166
-35.2169, -30.1068, 529.5038
-36.5235, -28.5100, 531.5670
-37.7662, -26.8457, 533.6441
-38.9263, -25.1383, 535.7083
-40.0200, -23.3628, 537.7936
-41.0165, -21.5708, 539.8441
-41.9433, -19.7136, 541.9197
-42.7818, -17.8259, 543.9852
-43.5341, -15.9040, 546.0491
-44.1978, -13.9555, 548.1076
-44.7754, -11.9725, 550.1730
-45.2566, -9.9967, 552.2065
-45.6536, -7.9801, 554.2618
-45.9599, -5.9516, 556.3133
-46.1737, -3.9405, 558.3358
-46.3006, -1.9026, 560.3776
-46.3420, -0.7068, 561.5741
-46.3420, 0.0000, 562.2809
-46.3420, 100.0000, 662.2809
-46.3420, 200.0000, 762.2809
-46.3410, 300.0000, 862.2809
-46.3430, 300.8717, 863.1526
-46.2513, 302.8741, 865.1571
-46.0827, 304.9006, 867.1906
-45.8238, 306.9294, 869.2359
-45.4669, 308.9446, 871.2824
-45.0284, 310.9459, 873.3312
-44.5062, 312.9382, 875.3908
-43.8872, 314.9031, 877.4509
-43.1457, 316.9220, 879.6017
-42.3889, 318.7387, 881.5697
-41.5095, 320.6089, 883.6363
-40.5491, 322.4348, 885.6994
-39.5016, 324.2267, 887.7750
-38.3750, 325.9700, 889.8507
-37.1795, 327.6508, 891.9133
-35.9043, 329.2848, 893.9860
-34.5466, 330.8730, 896.0754
-33.1395, 332.3780, 898.1357
-31.6617, 333.8246, 900.2037
-30.1068, 335.2169, 902.2909
-28.5100, 336.5235, 904.3541
-26.8457, 337.7662, 906.4312
-25.1383, 338.9263, 908.4954
-23.3628, 340.0200, 910.5807
-21.5708, 341.0165, 912.6312
-19.7136, 341.9433, 914.7068
-17.8259, 342.7818, 916.7723
-15.9040, 343.5341, 918.8362
-13.9555, 344.1978, 920.8947
-11.9725, 344.7754, 922.9601
-9.9967, 345.2566, 924.9936
-7.9801, 345.6536, 927.0489
-5.9516, 345.9599, 929.1004
-3.9405, 346.1737, 931.1228
-1.9026, 346.3006, 933.1647
-0.7068, 346.3420, 934.3612
0.0000, 346.3420, 935.0680
100.0000, 346.3420, 1035.0680
139.1578, 346.3425, 1074.2258
141.6701, 345.8907, 1076.7784
144.2277, 344.2443, 1079.8201
145.5496, 342.4319, 1082.0634
146.3430, 339.1335, 1085.4559
146.3420, 300.0000, 1124.5894
ENDTABLE

#EMBEDDED_NOTES
#A path included in the City Intersection VS Scene Builder asset.
#END_EMBEDDED_NOTES

LOG_ENTRY Used Dataset: Path: X-Y Coordinates; { City Advanced Intersection Path Data } W Loop, CW, 1009
#Library : Path: X-Y Coordinates
#DataSet : W Loop, CW, 1009
#Category: City Advanced Intersection Path Data
#FileID  : PathXY_ed40f32d-fc33-4faa-981d-344b9d9a8ce8
#Modified: 05-28-2021 15:00:48
#Product : CarSim 2024.1
#DataVer : 2024.1
#VehCode X-Y Coordinates of Path

END
