PARSFILE
#FullDataName Path: X-Y Coordinates`S Loop, CW, 1011`City Advanced Intersection Path Data
#RingCtrl0 2
SET_IPATH_FOR_ID 1011
DEFINE_XY_TABLES 1
ITAB_XY = NTAB_XY
XY_TABLE_ID = ITAB_XY
SET_DESCRIPTION PATH_ID S Loop, CW, 1011
SET_DESCRIPTION XY_TABLE_ID S Loop, CW, 1011
IPATHSEG = 1
PATH_ID_DM = PATH_ID
SEGMENT_TYPE = 1
XY_SEGMENT_ID = XY_TABLE_ID

#CheckBox0 1    
OPT_PATH_LOOP 1
#CheckBox1 0    
#CheckBox4 0    

#RadioCtrl0 1    

#DiagramOne0
SEGMENT_XY_TABLE
0.0000, 146.3420, 0.0000
100.0000, 146.3420, 100.0000
200.0000, 146.3420, 200.0000
300.0000, 146.3420, 300.0000
339.1335, 146.3420, 339.1335
342.3158, 145.5894, 342.4036
344.4016, 144.0178, 345.0152
345.9072, 141.5487, 347.9071
346.3430, 139.0693, 350.4245
346.3430, 100.0000, 389.4938
346.3430, 0.0000, 489.4938
346.3430, -0.8717, 490.3655
346.2513, -2.8741, 492.3700
346.0827, -4.9006, 494.4035
345.8238, -6.9294, 496.4488
345.4669, -8.9446, 498.4953
345.0284, -10.9459, 500.5441
344.5062, -12.9382, 502.6037
343.8872, -14.9031, 504.6638
343.1457, -16.9220, 506.8146
342.3889, -18.7387, 508.7826
341.5095, -20.6089, 510.8492
340.5491, -22.4348, 512.9123
339.5016, -24.2267, 514.9879
338.3750, -25.9700, 517.0636
337.1795, -27.6508, 519.1262
335.9043, -29.2848, 521.1989
334.5466, -30.8730, 523.2883
333.1395, -32.3780, 525.3486
331.6617, -33.8246, 527.4166
330.1068, -35.2169, 529.5038
328.5100, -36.5235, 531.5670
326.8457, -37.7662, 533.6441
325.1383, -38.9263, 535.7083
323.3628, -40.0200, 537.7936
321.5708, -41.0165, 539.8441
319.7136, -41.9433, 541.9197
317.8259, -42.7818, 543.9852
315.9040, -43.5341, 546.0491
313.9555, -44.1978, 548.1076
311.9725, -44.7754, 550.1730
309.9967, -45.2566, 552.2065
307.9801, -45.6536, 554.2618
305.9516, -45.9599, 556.3133
303.9405, -46.1737, 558.3358
301.9026, -46.3006, 560.3776
300.7068, -46.3420, 561.5741
300.0000, -46.3420, 562.2809
200.0000, -46.3420, 662.2809
100.0000, -46.3420, 762.2809
0.0000, -46.3430, 862.2809
-0.8717, -46.3430, 863.1526
-2.8741, -46.2513, 865.1571
-4.9006, -46.0827, 867.1906
-6.9294, -45.8238, 869.2359
-8.9446, -45.4669, 871.2824
-10.9459, -45.0284, 873.3312
-12.9382, -44.5062, 875.3908
-14.9031, -43.8872, 877.4509
-16.9220, -43.1457, 879.6017
-18.7387, -42.3889, 881.5697
-20.6089, -41.5095, 883.6363
-22.4348, -40.5491, 885.6994
-24.2267, -39.5016, 887.7750
-25.9700, -38.3750, 889.8507
-27.6508, -37.1795, 891.9133
-29.2848, -35.9043, 893.9860
-30.8730, -34.5466, 896.0754
-32.3780, -33.1395, 898.1357
-33.8246, -31.6617, 900.2037
-35.2169, -30.1068, 902.2909
-36.5235, -28.5100, 904.3541
-37.7662, -26.8457, 906.4312
-38.9263, -25.1383, 908.4954
-40.0200, -23.3628, 910.5807
-41.0165, -21.5708, 912.6312
-41.9433, -19.7136, 914.7068
-42.7818, -17.8259, 916.7723
-43.5341, -15.9040, 918.8362
-44.1978, -13.9555, 920.8946
-44.7754, -11.9725, 922.9601
-45.2566, -9.9967, 924.9936
-45.6536, -7.9801, 927.0489
-45.9599, -5.9516, 929.1004
-46.1737, -3.9405, 931.1228
-46.3006, -1.9026, 933.1647
-46.3420, -0.7068, 934.3612
-46.3420, 0.0000, 935.0680
-46.3420, 100.0000, 1035.0680
-46.3425, 139.1578, 1074.2258
-45.8907, 141.6701, 1076.7784
-44.2443, 144.2277, 1079.8201
-42.4319, 145.5496, 1082.0634
-39.1335, 146.3430, 1085.4559
0.0000, 146.3420, 1124.5894
ENDTABLE

#EMBEDDED_NOTES
#A path included in the City Intersection VS Scene Builder asset.
#END_EMBEDDED_NOTES

LOG_ENTRY Used Dataset: Path: X-Y Coordinates; { City Advanced Intersection Path Data } S Loop, CW, 1011
#Library : Path: X-Y Coordinates
#DataSet : S Loop, CW, 1011
#Category: City Advanced Intersection Path Data
#FileID  : PathXY_0e4c1678-fb2b-4f9a-9e2e-c3462ef5c53b
#Modified: 05-28-2021 15:00:48
#Product : CarSim 2024.1
#DataVer : 2024.1
#VehCode X-Y Coordinates of Path

END
