PARSFILE
#FullDataName Suspension: Dive Angle (Virtual Steering Axis)`D-Class, Sedan - Front Right`D-Class
#CheckBox0 0    

*3D_XLabel Rack travel left (mm)
*3D_YLabel Suspension cmp. (jounce) (mm)
*3D_ZLabel Dive angle (deg)

#DiagramTwo0
*3D_DATA 19, 15 ! columns x rows
DIVE_VIR_CARPET 2D_SPLINE
0, -90, -80, -70, -60, -50, -40, -30, -20, -10, 0, 10, 20, 30, 40, 50, 60, 70, 80, 90
-70, -5.4615, -5.1594, -4.7218, -4.1807, -3.5636, -2.891, -2.1785, -1.438, -0.67802, 0.095632, 0.87934, 1.6713, 2.4713, 3.2807, 4.102, 4.9394, 5.799, 6.6892, 7.6221
-60, -5.6229, -5.3043, -4.8492, -4.29, -3.6546, -2.9637, -2.2332, -1.4751, -0.69802, 0.09226, 0.89179, 1.6989, 2.5135, 3.337, 4.1721, 5.0229, 5.8957, 6.7991, 7.7452
-50, -5.7752, -5.4417, -4.9707, -4.3949, -3.7426, -3.0347, -2.2876, -1.5131, -0.71992, 0.085934, 0.90054, 1.7223, 2.5512, 3.3885, 4.2371, 5.1013, 5.9872, 6.9036, 7.8627
-40, -5.9184, -5.5719, -5.0865, -4.4956, -3.8278, -3.1044, -2.3418, -1.552, -0.74402, 0.076355, 0.90505, 1.7405, 2.5827, 3.433, 4.2943, 5.171, 6.0693, 6.9979, 7.9694
-30, -6.0526, -5.6947, -5.1966, -4.5923, -3.9105, -3.1729, -2.3961, -1.5924, -0.77058, 0.063238, 0.905, 1.7532, 2.6078, 3.4703, 4.3434, 5.2318, 6.1416, 7.0817, 8.0647
-20, -6.1776, -5.8101, -5.3012, -4.6849, -3.9907, -3.2404, -2.4507, -1.6342, -0.79985, 0.046312, 0.90011, 1.7601, 2.6262, 3.4999, 4.3841, 5.2833, 6.2038, 7.1546, 8.1484
-10, -6.2932, -5.9181, -5.4, -4.7736, -4.0685, -3.3069, -2.5058, -1.6778, -0.83207, 0.025314, 0.89009, 1.7608, 2.6375, 3.5215, 4.4159, 5.3251, 6.2556, 7.2163, 8.22
0, -6.3991, -6.0183, -5.493, -4.8582, -4.1439, -3.3725, -2.5614, -1.7233, -0.86744, 0, 0.87468, 1.7552, 2.6414, 3.5348, 4.4385, 5.3569, 6.2965, 7.2663, 8.2792
10, -6.4949, -6.1106, -5.5801, -4.9387, -4.2169, -3.4374, -2.6178, -1.7709, -0.90617, -0.029871, 0.85359, 1.7428, 2.6376, 3.5395, 4.4515, 5.3782, 6.3261, 7.3043, 8.3255
20, -6.5803, -6.1946, -5.6609, -5.0149, -4.2874, -3.5015, -2.6749, -1.8207, -0.94842, -0.064506, 0.82658, 1.7234, 2.6257, 3.5352, 4.4546, 5.3888, 6.344, 7.3296, 8.3585
30, -6.6546, -6.2699, -5.7351, -5.0866, -4.3552, -3.5647, -2.7327, -1.8727, -0.99433, -0.1041, 0.7934, 1.6966, 2.6055, 3.5214, 4.4474, 5.388, 6.3498, 7.342, 8.3775
40, -6.7171, -6.3358, -5.8024, -5.1534, -4.4203, -3.6268, -2.7912, -1.927, -1.044, -0.14882, 0.75382, 1.6623, 2.5766, 3.4979, 4.4294, 5.3755, 6.343, 7.3408, 8.3822
50, -6.767, -6.3916, -5.862, -5.2149, -4.4821, -3.6878, -2.8504, -1.9836, -1.0975, -0.1988, 0.70765, 1.6202, 2.5386, 3.4643, 4.4002, 5.3509, 6.323, 7.3256, 8.3718
60, -6.8106, -6.4398, -5.9139, -5.2705, -4.5403, -3.7472, -2.9099, -2.0424, -1.1548, -0.25412, 0.65473, 1.57, 2.4914, 3.4203, 4.3595, 5.3136, 6.2893, 7.2957, 8.3458
70, -6.8542, -6.488, -5.9657, -5.3253, -4.5972, -3.8057, -2.9696, -2.1028, -1.2155, -0.3148, 0.59495, 1.5115, 2.4346, 3.3654, 4.3067, 5.2633, 6.2415, 7.2506, 8.3036
ENDTABLE

#RadioCtrl0 0    


LOG_ENTRY Used Dataset: Suspension: Dive Angle (Virtual Steering Axis); { D-Class } D-Class, Sedan - Front Right
#Library : Suspension: Dive Angle (Virtual Steering Axis)
#DataSet : D-Class, Sedan - Front Right
#Category: D-Class
#FileID  : DiveVir_c480cd4c-104a-4eff-bb5e-db8e8298a47b
#Modified: 05-28-2021 14:59:10
#Product : CarSim 2024.1
#DataVer : 2024.1
#VehCode Dive Angle

END
