PARSFILE
#FullDataName Suspension: Dive Angle (Virtual Steering Axis)`D-Class, Sedan - Front Left`D-Class
#CheckBox0 0    

*3D_XLabel Rack travel left (mm)
*3D_YLabel Suspension cmp. (jounce) (mm)
*3D_ZLabel Dive angle (deg)

#DiagramTwo0
*3D_DATA 19, 15 ! columns x rows
DIVE_VIR_CARPET 2D_SPLINE
0, -90, -80, -70, -60, -50, -40, -30, -20, -10, 0, 10, 20, 30, 40, 50, 60, 70, 80, 90
-70, 7.6221, 6.6892, 5.799, 4.9394, 4.102, 3.2807, 2.4713, 1.6713, 0.87934, 0.095632, -0.67802, -1.438, -2.1785, -2.891, -3.5636, -4.1807, -4.7218, -5.1594, -5.4615
-60, 7.7452, 6.7991, 5.8957, 5.0229, 4.1721, 3.337, 2.5135, 1.6989, 0.89179, 0.09226, -0.69802, -1.4751, -2.2332, -2.9637, -3.6546, -4.29, -4.8492, -5.3043, -5.6229
-50, 7.8627, 6.9036, 5.9872, 5.1013, 4.2371, 3.3885, 2.5512, 1.7223, 0.90054, 0.085934, -0.71992, -1.5131, -2.2876, -3.0347, -3.7426, -4.3949, -4.9707, -5.4417, -5.7752
-40, 7.9694, 6.9979, 6.0693, 5.171, 4.2943, 3.433, 2.5827, 1.7405, 0.90505, 0.076355, -0.74402, -1.552, -2.3418, -3.1044, -3.8278, -4.4956, -5.0865, -5.5719, -5.9184
-30, 8.0647, 7.0817, 6.1416, 5.2318, 4.3434, 3.4703, 2.6078, 1.7532, 0.905, 0.063238, -0.77058, -1.5924, -2.3961, -3.1729, -3.9105, -4.5923, -5.1966, -5.6947, -6.0526
-20, 8.1484, 7.1546, 6.2038, 5.2833, 4.3841, 3.4999, 2.6262, 1.7601, 0.90011, 0.046312, -0.79985, -1.6342, -2.4507, -3.2404, -3.9907, -4.6849, -5.3012, -5.8101, -6.1776
-10, 8.22, 7.2163, 6.2556, 5.3251, 4.4159, 3.5215, 2.6375, 1.7608, 0.89009, 0.025314, -0.83207, -1.6778, -2.5058, -3.3069, -4.0685, -4.7736, -5.4, -5.9181, -6.2932
0, 8.2792, 7.2663, 6.2965, 5.3569, 4.4385, 3.5348, 2.6414, 1.7552, 0.87468, 0, -0.86744, -1.7233, -2.5614, -3.3725, -4.1439, -4.8582, -5.493, -6.0183, -6.3991
10, 8.3255, 7.3043, 6.3261, 5.3782, 4.4515, 3.5395, 2.6376, 1.7428, 0.85359, -0.029871, -0.90617, -1.7709, -2.6178, -3.4374, -4.2169, -4.9387, -5.5801, -6.1106, -6.4949
20, 8.3585, 7.3296, 6.344, 5.3888, 4.4546, 3.5352, 2.6257, 1.7234, 0.82658, -0.064506, -0.94842, -1.8207, -2.6749, -3.5015, -4.2874, -5.0149, -5.6609, -6.1946, -6.5803
30, 8.3775, 7.342, 6.3498, 5.388, 4.4474, 3.5214, 2.6055, 1.6966, 0.7934, -0.1041, -0.99433, -1.8727, -2.7327, -3.5647, -4.3552, -5.0866, -5.7351, -6.2699, -6.6546
40, 8.3822, 7.3408, 6.343, 5.3755, 4.4294, 3.4979, 2.5766, 1.6623, 0.75382, -0.14882, -1.044, -1.927, -2.7912, -3.6268, -4.4203, -5.1534, -5.8024, -6.3358, -6.7171
50, 8.3718, 7.3256, 6.323, 5.3509, 4.4002, 3.4643, 2.5386, 1.6202, 0.70765, -0.1988, -1.0975, -1.9836, -2.8504, -3.6878, -4.4821, -5.2149, -5.862, -6.3916, -6.767
60, 8.3458, 7.2957, 6.2893, 5.3136, 4.3595, 3.4203, 2.4914, 1.57, 0.65473, -0.25412, -1.1548, -2.0424, -2.9099, -3.7472, -4.5403, -5.2705, -5.9139, -6.4398, -6.8106
70, 8.3036, 7.2506, 6.2415, 5.2633, 4.3067, 3.3654, 2.4346, 1.5115, 0.59495, -0.3148, -1.2155, -2.1028, -2.9696, -3.8057, -4.5972, -5.3253, -5.9657, -6.488, -6.8542
ENDTABLE

#RadioCtrl0 0    


LOG_ENTRY Used Dataset: Suspension: Dive Angle (Virtual Steering Axis); { D-Class } D-Class, Sedan - Front Left
#Library : Suspension: Dive Angle (Virtual Steering Axis)
#DataSet : D-Class, Sedan - Front Left
#Category: D-Class
#FileID  : DiveVir_6fd63da2-bf66-40ef-b785-4ae7c49a746c
#Modified: 05-28-2021 14:59:10
#Product : CarSim 2024.1
#DataVer : 2024.1
#VehCode Dive Angle

END
