PARSFILE
#FullDataName Road: Reference Line Elevation`Sine Wave`
#CheckBox0 0    

#RingCtrl0 SPLINE_LOOP
#RadioCtrl0 0    

#DiagramOne0
ROAD_ZS_TABLE SPLINE_LOOP
0, 1
0.2, 1.0126
0.4, 1.0251
0.6, 1.0377
0.8, 1.0502
1, 1.0628
1.2, 1.0753
1.4, 1.0879
1.6, 1.1004
1.8, 1.1129
2, 1.1253
2.2, 1.1378
2.4, 1.1502
2.6, 1.1626
2.8, 1.175
3, 1.1874
3.2, 1.1997
3.4, 1.212
3.6, 1.2243
3.8, 1.2365
4, 1.2487
4.2, 1.2608
4.4, 1.273
4.6, 1.285
4.8, 1.297
5, 1.309
5.2, 1.3209
5.4, 1.3328
5.6, 1.3446
5.8, 1.3564
6, 1.3681
6.2, 1.3798
6.4, 1.3914
6.6, 1.4029
6.8, 1.4144
7, 1.4258
7.2, 1.4371
7.4, 1.4484
7.6, 1.4596
7.8, 1.4707
8, 1.4818
8.2, 1.4927
8.4, 1.5036
8.6, 1.5144
8.8, 1.5252
9, 1.5358
9.2, 1.5464
9.4, 1.5569
9.6, 1.5673
9.8, 1.5776
10, 1.5878
10.2, 1.5979
10.4, 1.6079
10.6, 1.6179
10.8, 1.6277
11, 1.6374
11.2, 1.6471
11.4, 1.6566
11.6, 1.666
11.8, 1.6753
12, 1.6845
12.2, 1.6937
12.4, 1.7026
12.6, 1.7115
12.8, 1.7203
13, 1.729
13.2, 1.7375
13.4, 1.7459
13.6, 1.7543
13.8, 1.7624
14, 1.7705
14.2, 1.7785
14.4, 1.7863
14.6, 1.794
14.8, 1.8016
15, 1.809
15.2, 1.8163
15.4, 1.8235
15.6, 1.8306
15.8, 1.8375
16, 1.8443
16.2, 1.851
16.4, 1.8575
16.6, 1.8639
16.8, 1.8702
17, 1.8763
17.2, 1.8823
17.4, 1.8881
17.6, 1.8938
17.8, 1.8994
18, 1.9048
18.2, 1.9101
18.4, 1.9152
18.6, 1.9202
18.8, 1.9251
19, 1.9298
19.2, 1.9343
19.4, 1.9387
19.6, 1.943
19.8, 1.9471
20, 1.9511
20.2, 1.9549
20.4, 1.9585
20.6, 1.962
20.8, 1.9654
21, 1.9686
21.2, 1.9716
21.4, 1.9745
21.6, 1.9773
21.8, 1.9799
22, 1.9823
22.2, 1.9846
22.4, 1.9867
22.6, 1.9887
22.8, 1.9905
23, 1.9921
23.2, 1.9936
23.4, 1.995
23.6, 1.9961
23.8, 1.9972
24, 1.998
24.2, 1.9987
24.4, 1.9993
24.6, 1.9997
24.8, 1.9999
25, 2
25.2, 1.9999
25.4, 1.9997
25.6, 1.9993
25.8, 1.9987
26, 1.998
26.2, 1.9972
26.4, 1.9961
26.6, 1.995
26.8, 1.9936
27, 1.9921
27.2, 1.9905
27.4, 1.9887
27.6, 1.9867
27.8, 1.9846
28, 1.9823
28.2, 1.9799
28.4, 1.9773
28.6, 1.9745
28.8, 1.9716
29, 1.9686
29.2, 1.9654
29.4, 1.962
29.6, 1.9585
29.8, 1.9549
30, 1.9511
30.2, 1.9471
30.4, 1.943
30.6, 1.9387
30.8, 1.9343
31, 1.9298
31.2, 1.9251
31.4, 1.9202
31.6, 1.9152
31.8, 1.9101
32, 1.9048
32.2, 1.8994
32.4, 1.8938
32.6, 1.8881
32.8, 1.8823
33, 1.8763
33.2, 1.8702
33.4, 1.8639
33.6, 1.8575
33.8, 1.851
34, 1.8443
34.2, 1.8375
34.4, 1.8306
34.6, 1.8235
34.8, 1.8163
35, 1.809
35.2, 1.8016
35.4, 1.794
35.6, 1.7863
35.8, 1.7785
36, 1.7705
36.2, 1.7624
36.4, 1.7543
36.6, 1.7459
36.8, 1.7375
37, 1.729
37.2, 1.7203
37.4, 1.7115
37.6, 1.7026
37.8, 1.6937
38, 1.6845
38.2, 1.6753
38.4, 1.666
38.6, 1.6566
38.8, 1.6471
39, 1.6374
39.2, 1.6277
39.4, 1.6179
39.6, 1.6079
39.8, 1.5979
40, 1.5878
40.2, 1.5776
40.4, 1.5673
40.6, 1.5569
40.8, 1.5464
41, 1.5358
41.2, 1.5252
41.4, 1.5144
41.6, 1.5036
41.8, 1.4927
42, 1.4818
42.2, 1.4707
42.4, 1.4596
42.6, 1.4484
42.8, 1.4371
43, 1.4258
43.2, 1.4144
43.4, 1.4029
43.6, 1.3914
43.8, 1.3798
44, 1.3681
44.2, 1.3564
44.4, 1.3446
44.6, 1.3328
44.8, 1.3209
45, 1.309
45.2, 1.297
45.4, 1.285
45.6, 1.273
45.8, 1.2608
46, 1.2487
46.2, 1.2365
46.4, 1.2243
46.6, 1.212
46.8, 1.1997
47, 1.1874
47.2, 1.175
47.4, 1.1626
47.6, 1.1502
47.8, 1.1378
48, 1.1253
48.2, 1.1129
48.4, 1.1004
48.6, 1.0879
48.8, 1.0753
49, 1.0628
49.2, 1.0502
49.4, 1.0377
49.6, 1.0251
49.8, 1.0126
50, 1
50.2, 0.98743
50.4, 0.97487
50.6, 0.96231
50.8, 0.94976
51, 0.93721
51.2, 0.92467
51.4, 0.91215
51.6, 0.89964
51.8, 0.88714
52, 0.87467
52.2, 0.86221
52.4, 0.84977
52.6, 0.83736
52.8, 0.82498
53, 0.81262
53.2, 0.80029
53.4, 0.78799
53.6, 0.77573
53.8, 0.7635
54, 0.75131
54.2, 0.73916
54.4, 0.72705
54.6, 0.71498
54.8, 0.70296
55, 0.69098
55.2, 0.67906
55.4, 0.66718
55.6, 0.65536
55.8, 0.64359
56, 0.63188
56.2, 0.62022
56.4, 0.60863
56.6, 0.59709
56.8, 0.58562
57, 0.57422
57.2, 0.56288
57.4, 0.55162
57.6, 0.54042
57.8, 0.5293
58, 0.51825
58.2, 0.50727
58.4, 0.49638
58.6, 0.48556
58.8, 0.47483
59, 0.46417
59.2, 0.45361
59.4, 0.44312
59.6, 0.43273
59.8, 0.42243
60, 0.41221
60.2, 0.4021
60.4, 0.39207
60.6, 0.38214
60.8, 0.37231
61, 0.36258
61.2, 0.35294
61.4, 0.34341
61.6, 0.33399
61.8, 0.32467
62, 0.31545
62.2, 0.30635
62.4, 0.29735
62.6, 0.28846
62.8, 0.27969
63, 0.27103
63.2, 0.26249
63.4, 0.25406
63.6, 0.24575
63.8, 0.23756
64, 0.22949
64.2, 0.22154
64.4, 0.21371
64.6, 0.20601
64.8, 0.19843
65, 0.19098
65.2, 0.18366
65.4, 0.17647
65.6, 0.1694
65.8, 0.16247
66, 0.15567
66.2, 0.14901
66.4, 0.14247
66.6, 0.13608
66.8, 0.12982
67, 0.12369
67.2, 0.11771
67.4, 0.11186
67.6, 0.10616
67.8, 0.10059
68, 0.095173
68.2, 0.089894
68.4, 0.084759
68.6, 0.079768
68.8, 0.074923
69, 0.070224
69.2, 0.065671
69.4, 0.061266
69.6, 0.057009
69.8, 0.052902
70, 0.048943
70.2, 0.045135
70.4, 0.041478
70.6, 0.037972
70.8, 0.034618
71, 0.031417
71.2, 0.028368
71.4, 0.025473
71.6, 0.022732
71.8, 0.020145
72, 0.017713
72.2, 0.015436
72.4, 0.013314
72.6, 0.011348
72.8, 0.0095386
73, 0.0078853
73.2, 0.0063887
73.4, 0.005049
73.6, 0.0038664
73.8, 0.0028411
74, 0.0019733
74.2, 0.001263
74.4, 0.00071053
74.6, 0.00031581
74.8, 7.8956e-05
75, 0
75.2, 7.8956e-05
75.4, 0.00031581
75.6, 0.00071053
75.8, 0.001263
76, 0.0019733
76.2, 0.0028411
76.4, 0.0038664
76.6, 0.005049
76.8, 0.0063887
77, 0.0078853
77.2, 0.0095386
77.4, 0.011348
77.6, 0.013314
77.8, 0.015436
78, 0.017713
78.2, 0.020145
78.4, 0.022732
78.6, 0.025473
78.8, 0.028368
79, 0.031417
79.2, 0.034618
79.4, 0.037972
79.6, 0.041478
79.8, 0.045135
80, 0.048943
80.2, 0.052902
80.4, 0.057009
80.6, 0.061266
80.8, 0.065671
81, 0.070224
81.2, 0.074923
81.4, 0.079768
81.6, 0.084759
81.8, 0.089894
82, 0.095173
82.2, 0.10059
82.4, 0.10616
82.6, 0.11186
82.8, 0.11771
83, 0.12369
83.2, 0.12982
83.4, 0.13608
83.6, 0.14247
83.8, 0.14901
84, 0.15567
84.2, 0.16247
84.4, 0.1694
84.6, 0.17647
84.8, 0.18366
85, 0.19098
85.2, 0.19843
85.4, 0.20601
85.6, 0.21371
85.8, 0.22154
86, 0.22949
86.2, 0.23756
86.4, 0.24575
86.6, 0.25406
86.8, 0.26249
87, 0.27103
87.2, 0.27969
87.4, 0.28846
87.6, 0.29735
87.8, 0.30635
88, 0.31545
88.2, 0.32467
88.4, 0.33399
88.6, 0.34341
88.8, 0.35294
89, 0.36258
89.2, 0.37231
89.4, 0.38214
89.6, 0.39207
89.8, 0.4021
90, 0.41221
90.2, 0.42243
90.4, 0.43273
90.6, 0.44312
90.8, 0.45361
91, 0.46417
91.2, 0.47483
91.4, 0.48556
91.6, 0.49638
91.8, 0.50727
92, 0.51825
92.2, 0.5293
92.4, 0.54042
92.6, 0.55162
92.8, 0.56288
93, 0.57422
93.2, 0.58562
93.4, 0.59709
93.6, 0.60863
93.8, 0.62022
94, 0.63188
94.2, 0.64359
94.4, 0.65536
94.6, 0.66718
94.8, 0.67906
95, 0.69098
95.2, 0.70296
95.4, 0.71498
95.6, 0.72705
95.8, 0.73916
96, 0.75131
96.2, 0.7635
96.4, 0.77573
96.6, 0.78799
96.8, 0.80029
97, 0.81262
97.2, 0.82498
97.4, 0.83736
97.6, 0.84977
97.8, 0.86221
98, 0.87467
98.2, 0.88714
98.4, 0.89964
98.6, 0.91215
98.8, 0.92467
99, 0.93721
99.2, 0.94976
99.4, 0.96231
99.6, 0.97487
99.8, 0.98743
100, 1
ENDTABLE


#EMBEDDED_NOTES
#Use equation Z = 1+SIN(2*PI*S/100)
#X = S
#END_EMBEDDED_NOTES

LOG_ENTRY Used Dataset: Road: Reference Line Elevation; Sine Wave
#Library : Road: Reference Line Elevation
#DataSet : Sine Wave
#Category: 
#FileID  : RdRefZ_1d84788e-02e2-4cc9-a830-a94a6338cc53
#Created : 10-09-2023 09:27:13
#Modified: 10-12-2023 17:07:11
#Product : CarSim 2024.1
#DataVer : 2024.1
#VehCode Zs vs S

END
