PARSFILE
#FullDataName Suspension: Longitudinal Movement (Virtual Steering Axis)`D-Class, Sedan - Front Right`D-Class
#CheckBox0 0    

*3D_XLabel Rack travel left (mm)
*3D_YLabel Suspension cmp. (jounce) (mm)
*3D_ZLabel Longitudinal movement forward (mm)

#DiagramTwo0
*3D_DATA 19, 15 ! columns x rows
X_VIR_CARPET 2D_SPLINE
0, -90, -80, -70, -60, -50, -40, -30, -20, -10, 0, 10, 20, 30, 40, 50, 60, 70, 80, 90
-70, -52.945, -47.512, -41.786, -35.921, -30.02, -24.163, -18.407, -12.786, -7.3222, -2.0217, 3.1161, 8.0997, 12.942, 17.661, 22.278, 26.817, 31.307, 35.784, 40.292
-60, -52.678, -47.215, -41.462, -35.572, -29.649, -23.773, -18.001, -12.367, -6.8927, -1.5844, 3.5554, 8.5385, 13.379, 18.095, 22.708, 27.242, 31.726, 36.196, 40.696
-50, -52.449, -46.96, -41.181, -35.268, -29.324, -23.43, -17.643, -11.998, -6.5136, -1.198, 3.9469, 8.9336, 13.776, 18.493, 23.104, 27.636, 32.117, 36.582, 41.076
-40, -52.258, -46.744, -40.942, -35.007, -29.045, -23.135, -17.334, -11.677, -6.184, -0.86144, 4.2884, 9.2783, 14.123, 18.84, 23.45, 27.98, 32.458, 36.919, 41.407
-30, -52.104, -46.568, -40.745, -34.791, -28.81, -22.885, -17.072, -11.405, -5.9029, -0.57392, 4.5805, 9.5737, 14.42, 19.137, 23.748, 28.276, 32.751, 37.208, 41.691
-20, -51.987, -46.431, -40.589, -34.617, -28.621, -22.682, -16.857, -11.179, -5.67, -0.33479, 4.8241, 9.8205, 14.669, 19.387, 23.997, 28.523, 32.996, 37.45, 41.929
-10, -51.906, -46.333, -40.475, -34.486, -28.476, -22.524, -16.688, -11.002, -5.4846, -0.1436, 5.0196, 10.019, 14.869, 19.588, 24.198, 28.724, 33.194, 37.646, 42.121
0, -51.862, -46.275, -40.401, -34.399, -28.375, -22.412, -16.565, -10.871, -5.3466, 0, 5.1675, 10.17, 15.022, 19.742, 24.352, 28.877, 33.347, 37.796, 42.268
10, -51.854, -46.255, -40.369, -34.354, -28.319, -22.345, -16.489, -10.786, -5.2558, 0.096137, 5.2678, 10.274, 15.128, 19.85, 24.46, 28.985, 33.454, 37.901, 42.371
20, -51.882, -46.273, -40.377, -34.351, -28.306, -22.323, -16.459, -10.749, -5.2121, 0.145, 5.3209, 10.33, 15.187, 19.91, 24.522, 29.047, 33.515, 37.962, 42.431
30, -51.945, -46.33, -40.426, -34.392, -28.338, -22.347, -16.475, -10.758, -5.2155, 0.14661, 5.3267, 10.339, 15.199, 19.924, 24.537, 29.063, 33.532, 37.978, 42.446
40, -52.044, -46.425, -40.515, -34.474, -28.414, -22.416, -16.537, -10.814, -5.266, 0.10095, 5.2852, 10.301, 15.164, 19.891, 24.506, 29.034, 33.503, 37.95, 42.418
50, -52.176, -46.557, -40.645, -34.599, -28.533, -22.53, -16.645, -10.917, -5.3637, 0.0080194, 5.1964, 10.216, 15.082, 19.812, 24.429, 28.959, 33.43, 37.878, 42.347
60, -52.325, -46.716, -40.811, -34.766, -28.696, -22.688, -16.8, -11.066, -5.5083, -0.13211, 5.0605, 10.084, 14.953, 19.687, 24.307, 28.839, 33.312, 37.762, 42.233
70, -52.474, -46.874, -40.978, -34.939, -28.874, -22.87, -16.983, -11.252, -5.6948, -0.31915, 4.8777, 9.9053, 14.778, 19.515, 24.139, 28.674, 33.15, 37.604, 42.077
ENDTABLE

#RadioCtrl0 0    


LOG_ENTRY Used Dataset: Suspension: Longitudinal Movement (Virtual Steering Axis); { D-Class } D-Class, Sedan - Front Right
#Library : Suspension: Longitudinal Movement (Virtual Steering Axis)
#DataSet : D-Class, Sedan - Front Right
#Category: D-Class
#FileID  : LongVir_d39e83cd-23e8-418c-8fce-37b0bb693e7a
#Modified: 05-28-2021 14:59:09
#Product : CarSim 2024.1
#DataVer : 2024.1
#VehCode Longitudinal Disp

END
