PARSFILE
#FullDataName Suspension: Longitudinal Movement (Virtual Steering Axis)`D-Class, Sedan - Front Left`D-Class
#CheckBox0 0    

*3D_XLabel Rack travel left (mm)
*3D_YLabel Suspension cmp. (jounce) (mm)
*3D_ZLabel Longitudinal movement forward (mm)

#DiagramTwo0
*3D_DATA 19, 15 ! columns x rows
X_VIR_CARPET 2D_SPLINE
0, -90, -80, -70, -60, -50, -40, -30, -20, -10, 0, 10, 20, 30, 40, 50, 60, 70, 80, 90
-70, 40.292, 35.784, 31.307, 26.817, 22.278, 17.661, 12.942, 8.0997, 3.1161, -2.0217, -7.3222, -12.786, -18.407, -24.163, -30.02, -35.921, -41.786, -47.512, -52.945
-60, 40.696, 36.196, 31.726, 27.242, 22.708, 18.095, 13.379, 8.5385, 3.5554, -1.5844, -6.8927, -12.367, -18.001, -23.773, -29.649, -35.572, -41.462, -47.215, -52.678
-50, 41.076, 36.582, 32.117, 27.636, 23.104, 18.493, 13.776, 8.9336, 3.9469, -1.198, -6.5136, -11.998, -17.643, -23.43, -29.324, -35.268, -41.181, -46.96, -52.449
-40, 41.407, 36.919, 32.458, 27.98, 23.45, 18.84, 14.123, 9.2783, 4.2884, -0.86144, -6.184, -11.677, -17.334, -23.135, -29.045, -35.007, -40.942, -46.744, -52.258
-30, 41.691, 37.208, 32.751, 28.276, 23.748, 19.137, 14.42, 9.5737, 4.5805, -0.57392, -5.9029, -11.405, -17.072, -22.885, -28.81, -34.791, -40.745, -46.568, -52.104
-20, 41.929, 37.45, 32.996, 28.523, 23.997, 19.387, 14.669, 9.8205, 4.8241, -0.33479, -5.67, -11.179, -16.857, -22.682, -28.621, -34.617, -40.589, -46.431, -51.987
-10, 42.121, 37.646, 33.194, 28.724, 24.198, 19.588, 14.869, 10.019, 5.0196, -0.1436, -5.4846, -11.002, -16.688, -22.524, -28.476, -34.486, -40.475, -46.333, -51.906
0, 42.268, 37.796, 33.347, 28.877, 24.352, 19.742, 15.022, 10.17, 5.1675, 0, -5.3466, -10.871, -16.565, -22.412, -28.375, -34.399, -40.401, -46.275, -51.862
10, 42.371, 37.901, 33.454, 28.985, 24.46, 19.85, 15.128, 10.274, 5.2678, 0.096137, -5.2558, -10.786, -16.489, -22.345, -28.319, -34.354, -40.369, -46.255, -51.854
20, 42.431, 37.962, 33.515, 29.047, 24.522, 19.91, 15.187, 10.33, 5.3209, 0.145, -5.2121, -10.749, -16.459, -22.323, -28.306, -34.351, -40.377, -46.273, -51.882
30, 42.446, 37.978, 33.532, 29.063, 24.537, 19.924, 15.199, 10.339, 5.3267, 0.14661, -5.2155, -10.758, -16.475, -22.347, -28.338, -34.392, -40.426, -46.33, -51.945
40, 42.418, 37.95, 33.503, 29.034, 24.506, 19.891, 15.164, 10.301, 5.2852, 0.10095, -5.266, -10.814, -16.537, -22.416, -28.414, -34.474, -40.515, -46.425, -52.044
50, 42.347, 37.878, 33.43, 28.959, 24.429, 19.812, 15.082, 10.216, 5.1964, 0.0080194, -5.3637, -10.917, -16.645, -22.53, -28.533, -34.599, -40.645, -46.557, -52.176
60, 42.233, 37.762, 33.312, 28.839, 24.307, 19.687, 14.953, 10.084, 5.0605, -0.13211, -5.5083, -11.066, -16.8, -22.688, -28.696, -34.766, -40.811, -46.716, -52.325
70, 42.077, 37.604, 33.15, 28.674, 24.139, 19.515, 14.778, 9.9053, 4.8777, -0.31915, -5.6948, -11.252, -16.983, -22.87, -28.874, -34.939, -40.978, -46.874, -52.474
ENDTABLE

#RadioCtrl0 0    


LOG_ENTRY Used Dataset: Suspension: Longitudinal Movement (Virtual Steering Axis); { D-Class } D-Class, Sedan - Front Left
#Library : Suspension: Longitudinal Movement (Virtual Steering Axis)
#DataSet : D-Class, Sedan - Front Left
#Category: D-Class
#FileID  : LongVir_7ffbbc4c-f11e-44c9-9fc2-75d5b9fbe31d
#Modified: 05-28-2021 14:59:09
#Product : CarSim 2024.1
#DataVer : 2024.1
#VehCode Longitudinal Disp

END
