PARSFILE
#FullDataName Steering System: Kinematics for 2 Wheels (Rack & Pinion)`C-Class, Hatchback, Rack Behind Axle`CS C-Class
#CheckBox0 0    

#RingCtrl0 SPLINE
#RingCtrl1 SPLINE

iside 2
#DiagramOne0
RACK_KIN_TABLE SPLINE
-75, 30.463
-74.25, 30.152
-73.5, 29.841
-72.75, 29.531
-72, 29.223
-71.25, 28.915
-70.5, 28.608
-69.75, 28.302
-69, 27.997
-68.25, 27.692
-67.5, 27.389
-66.75, 27.086
-66, 26.784
-65.25, 26.482
-64.5, 26.181
-63.75, 25.88
-63, 25.581
-62.25, 25.281
-61.5, 24.982
-60.75, 24.684
-60, 24.386
-59.25, 24.088
-58.5, 23.791
-57.75, 23.494
-57, 23.197
-56.25, 22.901
-55.5, 22.605
-54.75, 22.309
-54, 22.014
-53.25, 21.718
-52.5, 21.423
-51.75, 21.128
-51, 20.833
-50.25, 20.538
-49.5, 20.243
-48.75, 19.948
-48, 19.654
-47.25, 19.359
-46.5, 19.064
-45.75, 18.769
-45, 18.474
-44.25, 18.18
-43.5, 17.885
-42.75, 17.59
-42, 17.294
-41.25, 16.999
-40.5, 16.703
-39.75, 16.408
-39, 16.112
-38.25, 15.815
-37.5, 15.519
-36.75, 15.222
-36, 14.925
-35.25, 14.628
-34.5, 14.33
-33.75, 14.032
-33, 13.734
-32.25, 13.435
-31.5, 13.136
-30.75, 12.837
-30, 12.537
-29.25, 12.237
-28.5, 11.936
-27.75, 11.635
-27, 11.333
-26.25, 11.03
-25.5, 10.728
-24.75, 10.424
-24, 10.12
-23.25, 9.8158
-22.5, 9.5107
-21.75, 9.205
-21, 8.8987
-20.25, 8.5917
-19.5, 8.284
-18.75, 7.9757
-18, 7.6667
-17.25, 7.357
-16.5, 7.0465
-15.75, 6.7353
-15, 6.4234
-14.25, 6.1107
-13.5, 5.7971
-12.75, 5.4828
-12, 5.1677
-11.25, 4.8517
-10.5, 4.5348
-9.75, 4.2171
-9, 3.8985
-8.25, 3.579
-7.5, 3.2586
-6.75, 2.9372
-6, 2.6149
-5.25, 2.2916
-4.5, 1.9673
-3.75, 1.642
-3, 1.3157
-2.25, 0.98838
-1.5, 0.66
-0.75, 0.33054
0, 0
0.75, -0.33164
1.5, -0.6644
2.25, -0.99829
3, -1.3333
3.75, -1.6696
4.5, -2.0069
5.25, -2.3455
6, -2.6854
6.75, -3.0264
7.5, -3.3687
8.25, -3.7123
9, -4.0571
9.75, -4.4033
10.5, -4.7508
11.25, -5.0996
12, -5.4498
12.75, -5.8013
13.5, -6.1543
14.25, -6.5086
15, -6.8644
15.75, -7.2216
16.5, -7.5802
17.25, -7.9404
18, -8.302
18.75, -8.6652
19.5, -9.0298
20.25, -9.3961
21, -9.7639
21.75, -10.133
22.5, -10.504
23.25, -10.877
24, -11.251
24.75, -11.627
25.5, -12.005
26.25, -12.384
27, -12.765
27.75, -13.148
28.5, -13.532
29.25, -13.918
30, -14.306
30.75, -14.696
31.5, -15.088
32.25, -15.481
33, -15.877
33.75, -16.274
34.5, -16.673
35.25, -17.074
36, -17.477
36.75, -17.882
37.5, -18.289
38.25, -18.698
39, -19.109
39.75, -19.522
40.5, -19.937
41.25, -20.354
42, -20.774
42.75, -21.195
43.5, -21.619
44.25, -22.044
45, -22.472
45.75, -22.902
46.5, -23.335
47.25, -23.769
48, -24.206
48.75, -24.646
49.5, -25.087
50.25, -25.531
51, -25.977
51.75, -26.426
52.5, -26.877
53.25, -27.33
54, -27.786
54.75, -28.244
55.5, -28.705
56.25, -29.168
57, -29.634
57.75, -30.103
58.5, -30.574
59.25, -31.047
60, -31.524
60.75, -32.003
61.5, -32.484
62.25, -32.969
63, -33.456
63.75, -33.946
64.5, -34.438
65.25, -34.934
66, -35.432
66.75, -35.933
67.5, -36.437
68.25, -36.944
69, -37.454
69.75, -37.967
70.5, -38.483
71.25, -39.003
72, -39.525
72.75, -40.05
73.5, -40.578
74.25, -41.11
75, -41.645
ENDTABLE

iside 1
#DiagramOne1
RACK_KIN_TABLE SPLINE
-75, 41.645
-74.25, 41.11
-73.5, 40.578
-72.75, 40.05
-72, 39.525
-71.25, 39.003
-70.5, 38.483
-69.75, 37.967
-69, 37.454
-68.25, 36.944
-67.5, 36.437
-66.75, 35.933
-66, 35.432
-65.25, 34.934
-64.5, 34.438
-63.75, 33.946
-63, 33.456
-62.25, 32.969
-61.5, 32.484
-60.75, 32.003
-60, 31.524
-59.25, 31.047
-58.5, 30.574
-57.75, 30.103
-57, 29.634
-56.25, 29.168
-55.5, 28.705
-54.75, 28.244
-54, 27.786
-53.25, 27.33
-52.5, 26.877
-51.75, 26.426
-51, 25.977
-50.25, 25.531
-49.5, 25.087
-48.75, 24.646
-48, 24.206
-47.25, 23.769
-46.5, 23.335
-45.75, 22.902
-45, 22.472
-44.25, 22.044
-43.5, 21.619
-42.75, 21.195
-42, 20.774
-41.25, 20.354
-40.5, 19.937
-39.75, 19.522
-39, 19.109
-38.25, 18.698
-37.5, 18.289
-36.75, 17.882
-36, 17.477
-35.25, 17.074
-34.5, 16.673
-33.75, 16.274
-33, 15.877
-32.25, 15.481
-31.5, 15.088
-30.75, 14.696
-30, 14.306
-29.25, 13.918
-28.5, 13.532
-27.75, 13.148
-27, 12.765
-26.25, 12.384
-25.5, 12.005
-24.75, 11.627
-24, 11.251
-23.25, 10.877
-22.5, 10.504
-21.75, 10.133
-21, 9.7639
-20.25, 9.3961
-19.5, 9.0298
-18.75, 8.6652
-18, 8.302
-17.25, 7.9404
-16.5, 7.5802
-15.75, 7.2216
-15, 6.8644
-14.25, 6.5086
-13.5, 6.1543
-12.75, 5.8013
-12, 5.4498
-11.25, 5.0996
-10.5, 4.7508
-9.75, 4.4033
-9, 4.0571
-8.25, 3.7123
-7.5, 3.3687
-6.75, 3.0264
-6, 2.6854
-5.25, 2.3455
-4.5, 2.0069
-3.75, 1.6696
-3, 1.3333
-2.25, 0.99829
-1.5, 0.6644
-0.75, 0.33164
0, 0
0.75, -0.33054
1.5, -0.66
2.25, -0.98838
3, -1.3157
3.75, -1.642
4.5, -1.9673
5.25, -2.2916
6, -2.6149
6.75, -2.9372
7.5, -3.2586
8.25, -3.579
9, -3.8985
9.75, -4.2171
10.5, -4.5348
11.25, -4.8517
12, -5.1677
12.75, -5.4828
13.5, -5.7971
14.25, -6.1107
15, -6.4234
15.75, -6.7353
16.5, -7.0465
17.25, -7.357
18, -7.6667
18.75, -7.9757
19.5, -8.284
20.25, -8.5917
21, -8.8987
21.75, -9.205
22.5, -9.5107
23.25, -9.8158
24, -10.12
24.75, -10.424
25.5, -10.728
26.25, -11.03
27, -11.333
27.75, -11.635
28.5, -11.936
29.25, -12.237
30, -12.537
30.75, -12.837
31.5, -13.136
32.25, -13.435
33, -13.734
33.75, -14.032
34.5, -14.33
35.25, -14.628
36, -14.925
36.75, -15.222
37.5, -15.519
38.25, -15.815
39, -16.112
39.75, -16.408
40.5, -16.703
41.25, -16.999
42, -17.294
42.75, -17.59
43.5, -17.885
44.25, -18.18
45, -18.474
45.75, -18.769
46.5, -19.064
47.25, -19.359
48, -19.654
48.75, -19.948
49.5, -20.243
50.25, -20.538
51, -20.833
51.75, -21.128
52.5, -21.423
53.25, -21.718
54, -22.014
54.75, -22.309
55.5, -22.605
56.25, -22.901
57, -23.197
57.75, -23.494
58.5, -23.791
59.25, -24.088
60, -24.386
60.75, -24.684
61.5, -24.982
62.25, -25.281
63, -25.581
63.75, -25.88
64.5, -26.181
65.25, -26.482
66, -26.784
66.75, -27.086
67.5, -27.389
68.25, -27.692
69, -27.997
69.75, -28.302
70.5, -28.608
71.25, -28.915
72, -29.223
72.75, -29.531
73.5, -29.841
74.25, -30.152
75, -30.463
ENDTABLE
#RadioCtrl0 0    
#RadioCtrl1 0    

*SCALAR 0.45
*SCALAR2 0.45


#EMBEDDED_NOTES
#When the steering rack is behind the axle, a leftward (positive) rotation of the pinion produces rightward (negative) translation of the rack, which produces leftward (positive)  steer of the road wheels.
#END_EMBEDDED_NOTES

LOG_ENTRY Used Dataset: Steering System: Kinematics for 2 Wheels (Rack & Pinion); { CS C-Class } C-Class, Hatchback, Rack Behind Axle
#Library : Steering System: Kinematics for 2 Wheels (Rack & Pinion)
#DataSet : C-Class, Hatchback, Rack Behind Axle
#Category: CS C-Class
#FileID  : RkKin2_7dc12554-b8e5-48e9-80e5-e32835f6c80c
#Modified: 05-28-2021 14:59:16
#Product : CarSim 2024.1
#DataVer : 2024.1
#VehCode Steer Kinematics

END
