PARSFILE
#FullDataName Scene: External Import`Mcity Scene Import`VS Scene Builder
#VehCode VS Terrain Scene
ADD_REFERENCE_FRAME Mcity
add_obj Animator/3D_Shape_Files/VS_SceneBuilder/Resources/Tilesets/Standalone/Mesh/VsV/Roads_01.OSG
vsv_enable_shadows_recursive
SET_ANGLE_Z 0.000000
SET_OFFSET_X 30.332085
SET_OFFSET_Y 140.806529
SET_OFFSET_Z 0.000000
ADD_REFERENCE_FRAME Mcity
add_obj Animator/3D_Shape_Files/VS_SceneBuilder/Resources/Tilesets/Standalone/Mesh/VsV/RoadMarkings.OSG
vsv_enable_shadows_recursive
SET_ANGLE_Z 0.000000
SET_OFFSET_X 30.332085
SET_OFFSET_Y 140.806529
SET_OFFSET_Z 0.000000
ADD_REFERENCE_FRAME Mcity
add_obj Animator/3D_Shape_Files/VS_SceneBuilder/Resources/Tilesets/Standalone/Mesh/VsV/TreeWall.OSG
vsv_enable_shadows_recursive
SET_ANGLE_Z 0.000000
SET_OFFSET_X 30.332085
SET_OFFSET_Y 140.806529
SET_OFFSET_Z 0.000000
ADD_REFERENCE_FRAME Mcity
add_obj Animator/3D_Shape_Files/VS_SceneBuilder/Resources/Tilesets/Standalone/Mesh/VsV/Details.OSG
vsv_enable_shadows_recursive
SET_ANGLE_Z 0.000000
SET_OFFSET_X 30.332085
SET_OFFSET_Y 140.806529
SET_OFFSET_Z 0.000000
ADD_REFERENCE_FRAME Mcity
add_obj Animator/3D_Shape_Files/VS_SceneBuilder/Resources/Tilesets/Standalone/Mesh/VsV/Ground_01.OSG
vsv_enable_shadows_recursive
SET_ANGLE_Z 0.000000
SET_OFFSET_X 30.332085
SET_OFFSET_Y 140.806529
SET_OFFSET_Z 0.000000


DEFINE_PATHS   1
IPATH = NPATH
PATH_ID IPATH
OPT_PATH_START 0
OPT_PATH_LOOP 1
SPATH_START 0
PATH_ID_DM  = PATH_ID
set_description path_id Mcity Path
NSEGMENTS   1
IPATHSEG 1
SEGMENT_TYPE 1
DEFINE_XY_TABLES 1
ITAB_XY = NTAB_XY
XY_TABLE_ID = ITAB_XY
SET_DESCRIPTION XY_TABLE_ID Mcity Path Segment 1
XY_SEGMENT_ID = XY_TABLE_ID
SEGMENT_XY_TABLE
-50.014115, 59.588329, 12.901629, 0.000000
-50.269815, 84.560329, 13.119084, 24.973309
-50.356315, 104.705529, 13.270236, 45.118695
-50.473515, 114.164129, 13.353121, 54.578021
-50.695915, 122.231429, 13.435729, 62.648386
-50.827815, 124.544329, 13.462850, 64.965044
-50.830715, 128.576029, 13.510168, 68.996745
-50.695915, 136.123829, 13.600163, 76.545748
-50.750915, 145.936929, 13.704080, 86.359003
-51.036815, 157.175129, 13.843558, 97.600839
-50.731115, 168.272429, 14.038822, 108.702348
-50.330915, 179.444029, 14.241092, 119.881114
-50.112515, 181.534529, 14.276094, 121.982992
-49.803915, 183.477629, 14.309543, 123.950445
-49.161515, 185.614629, 14.362377, 126.181912
-48.320415, 187.531229, 14.446300, 128.274949
-47.260115, 189.295929, 14.532269, 130.333687
-45.852715, 191.039929, 14.629562, 132.574739
-44.729015, 192.503529, 14.713572, 134.419956
-43.730815, 194.515429, 14.818924, 136.665873
-43.262415, 196.576529, 14.914265, 138.779527
-43.025615, 198.940429, 15.018445, 141.155258
-43.135715, 201.214929, 15.111096, 143.432421
-43.688615, 203.303229, 15.179444, 145.592675
-45.094315, 205.613629, 15.238337, 148.297104
-46.418915, 207.049429, 15.259067, 150.250585
-48.262015, 208.471729, 15.266663, 152.578665
-50.058315, 209.344129, 15.256616, 154.575606
-52.709215, 209.892129, 15.207860, 157.282556
-55.268115, 209.915629, 15.153550, 159.841564
-57.396115, 209.604329, 15.088282, 161.992213
-59.764015, 208.813029, 14.984855, 164.488832
-61.763715, 207.443729, 14.853908, 166.912420
-63.562415, 205.452129, 14.701174, 169.596036
-65.098115, 202.867629, 14.544400, 172.602365
-65.783915, 200.537729, 14.439324, 175.031100
-65.888215, 198.940029, 14.388436, 176.632201
-65.712615, 197.117529, 14.374927, 178.463141
-65.054915, 194.971329, 14.368940, 180.707856
-64.333515, 193.536529, 14.364473, 182.313804
-63.109715, 191.731729, 14.360528, 184.494398
-61.848815, 190.141329, 14.355583, 186.523989
-60.500515, 188.428329, 14.344232, 188.703962
-59.246015, 186.457329, 14.316079, 191.040329
-58.542115, 184.852529, 14.281833, 192.792716
-58.035215, 183.207329, 14.269976, 194.514236
-57.723815, 181.576929, 14.275836, 196.174107
-57.595015, 179.805529, 14.254444, 197.950184
-57.487615, 164.128029, 13.943577, 213.628052
-57.648515, 150.191329, 13.687232, 227.565680
-57.702215, 138.594229, 13.546315, 239.162905
-57.755815, 122.003929, 13.416709, 255.753291
-57.648415, 99.722429, 13.258762, 278.035050
-57.594715, 83.132129, 13.119705, 294.625437
-56.859615, 57.475229, 12.850243, 320.292866
-56.696615, 52.840929, 12.781640, 324.930031
-56.697415, 50.646929, 12.734456, 327.124031
-56.767215, 48.191229, 12.666550, 329.580723
-56.950515, 45.330129, 12.564429, 332.447689
-57.116815, 43.624829, 12.493713, 334.161078
-57.641115, 41.244629, 12.382862, 336.598340
-59.280615, 37.658329, 12.176096, 340.541626
-62.443915, 32.329929, 11.797304, 346.738263
-64.714415, 28.913129, 11.558473, 350.840664
-66.639315, 26.575929, 11.385366, 353.868492
-70.464115, 22.133129, 11.039087, 359.730878
-71.920115, 20.157629, 10.896520, 362.184964
-73.083715, 18.106329, 10.765717, 364.543310
-74.229415, 15.334429, 10.613216, 367.542653
-74.908515, 12.818829, 10.497776, 370.148304
-75.194815, 10.770329, 10.419392, 372.216714
-75.281115, 8.999029, 10.361094, 373.990116
-74.939815, 5.261629, 10.266171, 377.743067
-74.041015, 1.974029, 10.203605, 381.151315
-72.568815, -1.181071, 10.157819, 384.632986
-70.378715, -4.283571, 10.130665, 388.430622
-67.281915, -7.226471, 10.119749, 392.702721
-63.366115, -9.596671, 10.111166, 397.279984
-58.873215, -11.063571, 10.129632, 402.006288
-54.815315, -11.466771, 10.186349, 406.084170
-50.811815, -11.074471, 10.275326, 410.106845
-47.003215, -9.919771, 10.392235, 414.086640
-43.665415, -8.160171, 10.525126, 417.859848
-41.308815, -6.370271, 10.639823, 420.819122
-39.325415, -4.369271, 10.754687, 423.636546
-37.431615, -1.798571, 10.888782, 426.829504
-36.073915, 0.771429, 11.013565, 429.736091
-35.218415, 3.086529, 11.122134, 432.204201
-34.549115, 6.132429, 11.265353, 435.322769
-34.349415, 8.999029, 11.399234, 438.196317
-34.799015, 13.354829, 11.577437, 442.575259
-36.259315, 17.650929, 11.725016, 447.112764
-39.004915, 22.460729, 11.877019, 452.651040
-41.788415, 26.817229, 12.002138, 457.820852
-43.658015, 30.220829, 12.112554, 461.704137
-45.412415, 34.445429, 12.282965, 466.278540
-46.981615, 39.190029, 12.440066, 471.275901
-48.291015, 43.908529, 12.583314, 476.172713
-49.214515, 48.592729, 12.704699, 480.947080
-49.811515, 54.262929, 12.823527, 486.648622
-50.014115, 59.588329, 12.901629, 491.977875
ENDTABLE

DEFINE_PATHS   1
IPATH = NPATH
PATH_ID IPATH
OPT_PATH_START 0
OPT_PATH_LOOP 1
SPATH_START 0
PATH_ID_DM  = PATH_ID
set_description path_id Mcity Outside Path
NSEGMENTS   1
IPATHSEG 1
SEGMENT_TYPE 1
DEFINE_XY_TABLES 1
ITAB_XY = NTAB_XY
XY_TABLE_ID = ITAB_XY
SET_DESCRIPTION XY_TABLE_ID Mcity Outside Path Segment 1
XY_SEGMENT_ID = XY_TABLE_ID
SEGMENT_XY_TABLE
2.923785, 299.557929, 20.889129, 0.000000
2.966385, 279.560729, 20.571667, 19.997245
2.944385, 263.296829, 19.841842, 36.261160
2.791385, 259.574929, 19.619956, 39.986204
2.076585, 255.936129, 19.384394, 43.694546
0.749985, 251.826829, 19.089005, 48.012672
-0.988915, 248.263829, 18.777432, 51.977359
-3.092515, 244.930029, 18.473318, 55.919358
-5.582915, 241.811529, 18.172805, 59.910240
-7.934715, 239.600329, 17.954336, 63.138299
-10.200215, 237.843029, 17.824551, 66.005457
-13.951715, 235.588229, 17.661818, 70.382428
-17.117715, 234.244729, 17.515169, 73.821694
-20.937815, 232.759929, 17.358390, 77.920205
-24.109215, 231.349929, 17.217441, 81.390922
-27.523515, 229.372429, 17.034717, 85.336546
-30.208515, 227.280929, 16.857487, 88.740015
-32.690315, 224.896629, 16.657543, 92.181558
-35.029615, 222.435129, 16.444633, 95.577336
-39.242215, 217.786329, 16.038327, 101.850878
-42.479415, 214.539229, 15.757774, 106.435976
-43.788715, 213.437829, 15.654663, 108.146926
-45.909215, 212.123729, 15.506748, 110.641596
-48.181915, 211.219329, 15.393959, 113.087635
-50.650115, 210.564529, 15.298365, 115.641215
-52.743715, 210.221629, 15.222772, 117.762710
-55.017615, 210.042129, 15.165283, 120.043684
-56.857515, 209.804529, 15.111176, 121.898862
-58.641615, 209.271529, 15.039805, 123.760878
-60.235815, 208.519929, 14.955988, 125.523369
-61.832615, 207.364429, 14.847842, 127.494397
-63.156315, 205.901129, 14.735140, 129.467574
-64.453415, 204.229829, 14.618786, 131.583162
-65.649715, 202.789129, 14.525583, 133.455794
-66.917515, 201.542329, 14.440999, 135.233947
-69.652815, 199.598429, 14.286749, 138.589631
-72.996215, 197.898029, 14.329229, 142.340588
-76.041215, 196.456329, 14.295647, 145.709642
-78.568515, 195.021029, 14.253919, 148.616071
-80.744315, 193.557829, 14.219226, 151.238105
-82.839915, 191.858929, 14.184412, 153.935845
-84.362215, 190.354429, 14.157156, 156.076153
-85.835215, 188.654129, 14.129406, 158.325764
-87.363115, 186.534729, 14.098294, 160.938489
-88.667115, 184.361129, 14.069351, 163.473238
-89.852615, 182.058529, 14.041701, 166.063099
-90.935215, 179.485029, 14.012281, 168.855038
-91.718215, 177.083029, 13.984169, 171.381437
-92.355715, 174.696129, 13.955609, 173.852003
-92.878115, 172.065929, 13.921522, 176.533580
-93.121315, 169.668829, 13.885207, 178.942986
-93.196215, 166.633329, 13.832936, 181.979410
-93.247915, 163.301729, 13.771936, 185.311411
-93.307615, 156.355929, 13.594193, 192.257467
-93.307615, 137.432529, 13.058596, 211.180867
-93.292315, 129.703229, 12.813083, 218.910182
-93.482515, 124.704429, 12.645808, 223.912599
-93.853315, 119.292629, 12.469779, 229.337088
-94.781315, 110.689729, 12.189723, 237.989895
-96.214415, 98.246129, 11.820343, 250.515746
-97.362415, 88.150329, 11.545258, 260.676607
-98.652915, 77.023129, 11.243737, 271.878391
-100.057215, 64.993229, 10.916353, 283.989978
-101.610715, 51.337429, 10.549406, 297.733858
-102.226715, 45.587629, 10.395674, 303.516562
-102.480315, 42.662929, 10.317430, 306.452236
-102.930215, 36.298629, 10.146122, 312.832418
-103.225315, 30.159629, 9.980508, 318.978507
-103.274515, 28.050729, 9.924085, 321.087980
-103.318715, 24.722529, 9.836572, 324.416474
-103.311715, 19.432329, 9.698447, 329.706678
-103.303415, 10.573229, 9.455411, 338.565782
-103.290415, -6.059971, 9.004538, 355.198987
-103.314815, -27.092671, 8.440694, 376.231702
-103.153015, -29.734871, 8.372325, 378.878851
-102.717215, -32.627971, 8.298027, 381.804590
-101.974415, -35.775571, 8.216464, 385.038649
-101.021415, -38.723971, 8.138440, 388.137241
-99.542815, -41.894771, 8.053320, 391.635845
-98.266815, -44.215271, 7.990290, 394.284032
-96.355515, -47.327671, 7.901237, 397.936443
-93.427915, -51.138671, 7.769068, 402.742123
-90.781415, -53.738671, 7.664231, 406.452104
-87.336615, -56.557371, 7.553582, 410.903140
-84.592815, -58.243971, 7.520471, 414.123863
-81.796615, -59.515571, 7.511816, 417.195622
-79.433915, -60.392071, 7.509331, 419.715662
-76.424915, -61.306171, 7.508795, 422.860445
-73.860615, -61.859171, 7.509989, 425.483696
-71.298315, -62.276771, 7.511696, 428.079803
-68.256415, -62.504571, 7.512693, 431.130220
-65.485415, -62.380971, 7.512073, 433.903976
-61.798915, -62.080471, 7.511060, 437.602703
-58.490415, -61.736371, 7.513541, 440.929049
-55.219415, -61.323371, 7.525489, 444.226018
-36.838415, -58.551171, 7.975714, 462.814893
-8.448015, -54.366471, 8.846087, 491.512045
11.253085, -51.579171, 9.447352, 511.409341
19.167785, -50.081871, 9.706206, 519.464425
23.492585, -48.379771, 9.861673, 524.112117
26.972485, -46.602371, 9.996069, 528.019655
31.051185, -44.109171, 10.165719, 532.800015
35.521285, -40.431771, 10.368834, 538.588371
37.712785, -37.848671, 10.483574, 541.975859
40.229985, -34.372671, 10.622286, 546.267580
42.495285, -30.330371, 10.756675, 550.901345
44.440585, -24.521671, 10.924922, 557.027126
45.175785, -18.208471, 11.098023, 563.382990
45.503885, -9.776371, 11.330139, 571.821471
45.525285, -0.656571, 11.574886, 580.941296
45.405085, 61.055229, 13.117332, 642.653213
45.405285, 89.379929, 13.826866, 670.977913
45.284985, 123.008029, 14.662028, 704.606228
46.141085, 134.188929, 14.954152, 715.819855
49.002585, 149.064529, 15.386770, 730.968177
51.833285, 158.953729, 15.693407, 741.254534
55.011385, 169.370229, 16.003974, 752.145071
58.860385, 181.103729, 16.399256, 764.493748
63.592785, 192.829629, 16.817565, 777.138602
77.362585, 220.549429, 17.719681, 808.090092
97.785285, 261.513429, 18.679314, 853.862747
102.422085, 271.612829, 18.923131, 864.975703
105.360385, 280.761329, 19.136549, 874.584484
106.363485, 287.636829, 19.276494, 881.532772
106.340085, 293.322729, 19.378614, 887.218720
105.638085, 298.514829, 19.470164, 892.458062
103.860785, 303.050829, 19.559498, 897.329827
100.955585, 307.203729, 19.650872, 902.398038
95.468985, 312.691829, 19.744838, 910.158323
89.600585, 317.028629, 19.738337, 917.455305
80.705785, 321.595029, 19.664947, 927.453779
70.647085, 324.690529, 19.575713, 937.978016
63.440085, 326.508629, 19.513962, 945.410804
50.949785, 328.693529, 19.457608, 958.090764
38.208185, 330.240229, 19.835530, 970.925898
33.868885, 330.669729, 19.938409, 975.286401
30.281985, 330.751729, 20.022936, 978.874239
26.539185, 330.314829, 20.106036, 982.642452
23.335885, 329.601129, 20.179224, 985.924296
20.323285, 328.489229, 20.249170, 989.135539
17.028985, 326.916429, 20.334806, 992.786034
14.449885, 325.064329, 20.404059, 995.961255
11.233485, 322.271429, 20.498491, 1000.221011
9.462085, 320.050929, 20.550285, 1003.061518
6.999885, 316.561029, 20.633365, 1007.332563
5.437985, 313.748629, 20.702074, 1010.549569
4.235185, 310.270729, 20.775321, 1014.229585
3.605585, 307.228429, 20.828229, 1017.336349
3.131685, 303.850129, 20.872593, 1020.747726
2.923785, 299.557929, 20.889129, 1025.044958
ENDTABLE

DEFINE_PATHS   1
IPATH = NPATH
PATH_ID IPATH
OPT_PATH_START 0
OPT_PATH_LOOP 0
SPATH_START 0
PATH_ID_DM  = PATH_ID
set_description path_id Highway Road
NSEGMENTS   1
IPATHSEG 1
SEGMENT_TYPE 1
DEFINE_XY_TABLES 1
ITAB_XY = NTAB_XY
XY_TABLE_ID = ITAB_XY
SET_DESCRIPTION XY_TABLE_ID Highway Road Segment 1
XY_SEGMENT_ID = XY_TABLE_ID
SEGMENT_XY_TABLE
38.326085, 289.444729, 18.655730, 0.000000
38.299285, 279.384429, 18.430465, 10.060336
38.181585, 235.059729, 17.319604, 54.385192
38.080985, 197.181829, 16.371107, 92.263226
37.997485, 165.752629, 15.584662, 123.692536
37.953785, 151.105829, 15.215421, 138.339402
37.950685, 123.443629, 14.524527, 166.001602
37.945885, 79.840229, 13.435627, 209.605002
37.965385, 72.827629, 13.260700, 216.617629
38.089985, 27.105529, 12.120700, 262.339899
38.177685, -9.516971, 11.205648, 298.962504
38.190085, -14.376471, 11.085209, 303.822020
ENDTABLE

DEFINE_PATHS   1
IPATH = NPATH
PATH_ID IPATH
OPT_PATH_START 0
OPT_PATH_LOOP 0
SPATH_START 0
PATH_ID_DM  = PATH_ID
set_description path_id East-West Path
NSEGMENTS   1
IPATHSEG 1
SEGMENT_TYPE 1
DEFINE_XY_TABLES 1
ITAB_XY = NTAB_XY
XY_TABLE_ID = ITAB_XY
SET_DESCRIPTION XY_TABLE_ID East-West Path Segment 1
XY_SEGMENT_ID = XY_TABLE_ID
SEGMENT_XY_TABLE
-78.307834, 132.816228, 13.118470, 0.000000
-65.512436, 133.583952, 13.380571, 12.818409
-42.444215, 132.738629, 13.582768, 35.902113
-28.149875, 132.816228, 13.742803, 50.196664
-6.909515, 132.816228, 13.990326, 71.437024
-6.219115, 132.814129, 13.996964, 72.127427
-3.596515, 132.686629, 14.022425, 74.753124
0.704485, 132.343829, 14.069556, 79.067764
4.876185, 131.925129, 14.114248, 83.260423
8.047385, 131.607529, 14.144920, 86.447487
11.210185, 131.339829, 14.149786, 89.621596
14.158585, 131.173829, 14.178425, 92.574665
16.767385, 131.123329, 14.245252, 95.183954
32.346985, 131.095829, 14.602928, 110.763578
56.117285, 131.060529, 15.011433, 134.533905
82.893085, 131.028429, 14.770602, 161.309724
ENDTABLE
#CheckBox0 0    
#CheckBox1 0    
#CheckBox2 0    
#CheckBox3 0    
SMTH_MULT 1
SMTH_MINACC 1.0
JSON_FILENAME Scene_Import\VS_Scene_Builder\Mcity_scene.vsscene
VS_TERRAIN_FILE Scene_Import\VS_Scene_Builder\Mcity_scene.vsterrain
#RingCtrl0 1
SMTH_PASS 1
GPS_REF_LAT 42.299703
GPS_REF_LONG -83.69800975
GPS_REF_ALT 270.13

!!!!!!!!!!!!!!!!!!!!!!!!!!!!!!!!!!!!!!!!!!!!!!!!!!!!!!!!!!!!!!
!!!!!!!!!!!!!!!!!!!  Warning: Raw Data Below  !!!!!!!!!!!!!!!!
!!!!!!!!!!!!!!!!!!!!!!!!!  Do Not Edit  !!!!!!!!!!!!!!!!!!!!!!
!!!!!!!!!!!!!!!!!!!!!!!!!!!!!!!!!!!!!!!!!!!!!!!!!!!!!!!!!!!!!!
! Table Columns:
!   NOTE: Label columns are not written to parsfile.
!
! 0: (Text) Describes the import object type (PATH or SEGM)
! 1: (Text) Describes the import object internal ID
! 2: (Text) Describes the import object name
! 3: (Text) Id of segment linked to by a path
! 4: (Text) X Coordinate of Segment definition
! 5: (Text) Y Coordinate of Segment definition
! 6: (Text) Z Coordinate of Segment definition
! 7: (Text) S Coordinate of Segment definition
! 8: (Text) Heading of a segment linked to by a path
! 9: (Text) RenderObject Title
! 10: (Text) RenderObject Path
! 11: (Text) RenderObject Z Angle
! 12: (Text) RenderObject X Offset
! 13: (Text) RenderObject Y Offset
! 14: (Text) RenderObject Z Offset
! 15: (Text) RenderObject No Shadows
! 16: (Text) SensorObject Title
! 17: (Text) SensorObject X
! 18: (Text) SensorObject Y
! 19: (Text) SensorObject Height
! 20: (Text) SensorObject Diameter
! 21: (Text) SensorObject Type
! 22: (Text) SensorObject Message
! 23: (Text) Path is looped
#MIXTABLE0
#NUMROWS 289
#SEGM, 0, , , -50.014115, 59.588329, 12.901629, 0.000000, , , , , , , , , , , , , , , , 
#SEGM, 0, , , -50.269815, 84.560329, 13.119084, 24.973309, , , , , , , , , , , , , , , , 
#SEGM, 0, , , -50.356315, 104.705529, 13.270236, 45.118695, , , , , , , , , , , , , , , , 
#SEGM, 0, , , -50.473515, 114.164129, 13.353121, 54.578021, , , , , , , , , , , , , , , , 
#SEGM, 0, , , -50.695915, 122.231429, 13.435729, 62.648386, , , , , , , , , , , , , , , , 
#SEGM, 0, , , -50.827815, 124.544329, 13.462850, 64.965044, , , , , , , , , , , , , , , , 
#SEGM, 0, , , -50.830715, 128.576029, 13.510168, 68.996745, , , , , , , , , , , , , , , , 
#SEGM, 0, , , -50.695915, 136.123829, 13.600163, 76.545748, , , , , , , , , , , , , , , , 
#SEGM, 0, , , -50.750915, 145.936929, 13.704080, 86.359003, , , , , , , , , , , , , , , , 
#SEGM, 0, , , -51.036815, 157.175129, 13.843558, 97.600839, , , , , , , , , , , , , , , , 
#SEGM, 0, , , -50.731115, 168.272429, 14.038822, 108.702348, , , , , , , , , , , , , , , , 
#SEGM, 0, , , -50.330915, 179.444029, 14.241092, 119.881114, , , , , , , , , , , , , , , , 
#SEGM, 0, , , -50.112515, 181.534529, 14.276094, 121.982992, , , , , , , , , , , , , , , , 
#SEGM, 0, , , -49.803915, 183.477629, 14.309543, 123.950445, , , , , , , , , , , , , , , , 
#SEGM, 0, , , -49.161515, 185.614629, 14.362377, 126.181912, , , , , , , , , , , , , , , , 
#SEGM, 0, , , -48.320415, 187.531229, 14.446300, 128.274949, , , , , , , , , , , , , , , , 
#SEGM, 0, , , -47.260115, 189.295929, 14.532269, 130.333687, , , , , , , , , , , , , , , , 
#SEGM, 0, , , -45.852715, 191.039929, 14.629562, 132.574739, , , , , , , , , , , , , , , , 
#SEGM, 0, , , -44.729015, 192.503529, 14.713572, 134.419956, , , , , , , , , , , , , , , , 
#SEGM, 0, , , -43.730815, 194.515429, 14.818924, 136.665873, , , , , , , , , , , , , , , , 
#SEGM, 0, , , -43.262415, 196.576529, 14.914265, 138.779527, , , , , , , , , , , , , , , , 
#SEGM, 0, , , -43.025615, 198.940429, 15.018445, 141.155258, , , , , , , , , , , , , , , , 
#SEGM, 0, , , -43.135715, 201.214929, 15.111096, 143.432421, , , , , , , , , , , , , , , , 
#SEGM, 0, , , -43.688615, 203.303229, 15.179444, 145.592675, , , , , , , , , , , , , , , , 
#SEGM, 0, , , -45.094315, 205.613629, 15.238337, 148.297104, , , , , , , , , , , , , , , , 
#SEGM, 0, , , -46.418915, 207.049429, 15.259067, 150.250585, , , , , , , , , , , , , , , , 
#SEGM, 0, , , -48.262015, 208.471729, 15.266663, 152.578665, , , , , , , , , , , , , , , , 
#SEGM, 0, , , -50.058315, 209.344129, 15.256616, 154.575606, , , , , , , , , , , , , , , , 
#SEGM, 0, , , -52.709215, 209.892129, 15.207860, 157.282556, , , , , , , , , , , , , , , , 
#SEGM, 0, , , -55.268115, 209.915629, 15.153550, 159.841564, , , , , , , , , , , , , , , , 
#SEGM, 0, , , -57.396115, 209.604329, 15.088282, 161.992213, , , , , , , , , , , , , , , , 
#SEGM, 0, , , -59.764015, 208.813029, 14.984855, 164.488832, , , , , , , , , , , , , , , , 
#SEGM, 0, , , -61.763715, 207.443729, 14.853908, 166.912420, , , , , , , , , , , , , , , , 
#SEGM, 0, , , -63.562415, 205.452129, 14.701174, 169.596036, , , , , , , , , , , , , , , , 
#SEGM, 0, , , -65.098115, 202.867629, 14.544400, 172.602365, , , , , , , , , , , , , , , , 
#SEGM, 0, , , -65.783915, 200.537729, 14.439324, 175.031100, , , , , , , , , , , , , , , , 
#SEGM, 0, , , -65.888215, 198.940029, 14.388436, 176.632201, , , , , , , , , , , , , , , , 
#SEGM, 0, , , -65.712615, 197.117529, 14.374927, 178.463141, , , , , , , , , , , , , , , , 
#SEGM, 0, , , -65.054915, 194.971329, 14.368940, 180.707856, , , , , , , , , , , , , , , , 
#SEGM, 0, , , -64.333515, 193.536529, 14.364473, 182.313804, , , , , , , , , , , , , , , , 
#SEGM, 0, , , -63.109715, 191.731729, 14.360528, 184.494398, , , , , , , , , , , , , , , , 
#SEGM, 0, , , -61.848815, 190.141329, 14.355583, 186.523989, , , , , , , , , , , , , , , , 
#SEGM, 0, , , -60.500515, 188.428329, 14.344232, 188.703962, , , , , , , , , , , , , , , , 
#SEGM, 0, , , -59.246015, 186.457329, 14.316079, 191.040329, , , , , , , , , , , , , , , , 
#SEGM, 0, , , -58.542115, 184.852529, 14.281833, 192.792716, , , , , , , , , , , , , , , , 
#SEGM, 0, , , -58.035215, 183.207329, 14.269976, 194.514236, , , , , , , , , , , , , , , , 
#SEGM, 0, , , -57.723815, 181.576929, 14.275836, 196.174107, , , , , , , , , , , , , , , , 
#SEGM, 0, , , -57.595015, 179.805529, 14.254444, 197.950184, , , , , , , , , , , , , , , , 
#SEGM, 0, , , -57.487615, 164.128029, 13.943577, 213.628052, , , , , , , , , , , , , , , , 
#SEGM, 0, , , -57.648515, 150.191329, 13.687232, 227.565680, , , , , , , , , , , , , , , , 
#SEGM, 0, , , -57.702215, 138.594229, 13.546315, 239.162905, , , , , , , , , , , , , , , , 
#SEGM, 0, , , -57.755815, 122.003929, 13.416709, 255.753291, , , , , , , , , , , , , , , , 
#SEGM, 0, , , -57.648415, 99.722429, 13.258762, 278.035050, , , , , , , , , , , , , , , , 
#SEGM, 0, , , -57.594715, 83.132129, 13.119705, 294.625437, , , , , , , , , , , , , , , , 
#SEGM, 0, , , -56.859615, 57.475229, 12.850243, 320.292866, , , , , , , , , , , , , , , , 
#SEGM, 0, , , -56.696615, 52.840929, 12.781640, 324.930031, , , , , , , , , , , , , , , , 
#SEGM, 0, , , -56.697415, 50.646929, 12.734456, 327.124031, , , , , , , , , , , , , , , , 
#SEGM, 0, , , -56.767215, 48.191229, 12.666550, 329.580723, , , , , , , , , , , , , , , , 
#SEGM, 0, , , -56.950515, 45.330129, 12.564429, 332.447689, , , , , , , , , , , , , , , , 
#SEGM, 0, , , -57.116815, 43.624829, 12.493713, 334.161078, , , , , , , , , , , , , , , , 
#SEGM, 0, , , -57.641115, 41.244629, 12.382862, 336.598340, , , , , , , , , , , , , , , , 
#SEGM, 0, , , -59.280615, 37.658329, 12.176096, 340.541626, , , , , , , , , , , , , , , , 
#SEGM, 0, , , -62.443915, 32.329929, 11.797304, 346.738263, , , , , , , , , , , , , , , , 
#SEGM, 0, , , -64.714415, 28.913129, 11.558473, 350.840664, , , , , , , , , , , , , , , , 
#SEGM, 0, , , -66.639315, 26.575929, 11.385366, 353.868492, , , , , , , , , , , , , , , , 
#SEGM, 0, , , -70.464115, 22.133129, 11.039087, 359.730878, , , , , , , , , , , , , , , , 
#SEGM, 0, , , -71.920115, 20.157629, 10.896520, 362.184964, , , , , , , , , , , , , , , , 
#SEGM, 0, , , -73.083715, 18.106329, 10.765717, 364.543310, , , , , , , , , , , , , , , , 
#SEGM, 0, , , -74.229415, 15.334429, 10.613216, 367.542653, , , , , , , , , , , , , , , , 
#SEGM, 0, , , -74.908515, 12.818829, 10.497776, 370.148304, , , , , , , , , , , , , , , , 
#SEGM, 0, , , -75.194815, 10.770329, 10.419392, 372.216714, , , , , , , , , , , , , , , , 
#SEGM, 0, , , -75.281115, 8.999029, 10.361094, 373.990116, , , , , , , , , , , , , , , , 
#SEGM, 0, , , -74.939815, 5.261629, 10.266171, 377.743067, , , , , , , , , , , , , , , , 
#SEGM, 0, , , -74.041015, 1.974029, 10.203605, 381.151315, , , , , , , , , , , , , , , , 
#SEGM, 0, , , -72.568815, -1.181071, 10.157819, 384.632986, , , , , , , , , , , , , , , , 
#SEGM, 0, , , -70.378715, -4.283571, 10.130665, 388.430622, , , , , , , , , , , , , , , , 
#SEGM, 0, , , -67.281915, -7.226471, 10.119749, 392.702721, , , , , , , , , , , , , , , , 
#SEGM, 0, , , -63.366115, -9.596671, 10.111166, 397.279984, , , , , , , , , , , , , , , , 
#SEGM, 0, , , -58.873215, -11.063571, 10.129632, 402.006288, , , , , , , , , , , , , , , , 
#SEGM, 0, , , -54.815315, -11.466771, 10.186349, 406.084170, , , , , , , , , , , , , , , , 
#SEGM, 0, , , -50.811815, -11.074471, 10.275326, 410.106845, , , , , , , , , , , , , , , , 
#SEGM, 0, , , -47.003215, -9.919771, 10.392235, 414.086640, , , , , , , , , , , , , , , , 
#SEGM, 0, , , -43.665415, -8.160171, 10.525126, 417.859848, , , , , , , , , , , , , , , , 
#SEGM, 0, , , -41.308815, -6.370271, 10.639823, 420.819122, , , , , , , , , , , , , , , , 
#SEGM, 0, , , -39.325415, -4.369271, 10.754687, 423.636546, , , , , , , , , , , , , , , , 
#SEGM, 0, , , -37.431615, -1.798571, 10.888782, 426.829504, , , , , , , , , , , , , , , , 
#SEGM, 0, , , -36.073915, 0.771429, 11.013565, 429.736091, , , , , , , , , , , , , , , , 
#SEGM, 0, , , -35.218415, 3.086529, 11.122134, 432.204201, , , , , , , , , , , , , , , , 
#SEGM, 0, , , -34.549115, 6.132429, 11.265353, 435.322769, , , , , , , , , , , , , , , , 
#SEGM, 0, , , -34.349415, 8.999029, 11.399234, 438.196317, , , , , , , , , , , , , , , , 
#SEGM, 0, , , -34.799015, 13.354829, 11.577437, 442.575259, , , , , , , , , , , , , , , , 
#SEGM, 0, , , -36.259315, 17.650929, 11.725016, 447.112764, , , , , , , , , , , , , , , , 
#SEGM, 0, , , -39.004915, 22.460729, 11.877019, 452.651040, , , , , , , , , , , , , , , , 
#SEGM, 0, , , -41.788415, 26.817229, 12.002138, 457.820852, , , , , , , , , , , , , , , , 
#SEGM, 0, , , -43.658015, 30.220829, 12.112554, 461.704137, , , , , , , , , , , , , , , , 
#SEGM, 0, , , -45.412415, 34.445429, 12.282965, 466.278540, , , , , , , , , , , , , , , , 
#SEGM, 0, , , -46.981615, 39.190029, 12.440066, 471.275901, , , , , , , , , , , , , , , , 
#SEGM, 0, , , -48.291015, 43.908529, 12.583314, 476.172713, , , , , , , , , , , , , , , , 
#SEGM, 0, , , -49.214515, 48.592729, 12.704699, 480.947080, , , , , , , , , , , , , , , , 
#SEGM, 0, , , -49.811515, 54.262929, 12.823527, 486.648622, , , , , , , , , , , , , , , , 
#SEGM, 0, , , -50.014115, 59.588329, 12.901629, 491.977875, , , , , , , , , , , , , , , , 
#SEGM, 1, , , 2.923785, 299.557929, 20.889129, 0.000000, , , , , , , , , , , , , , , , 
#SEGM, 1, , , 2.966385, 279.560729, 20.571667, 19.997245, , , , , , , , , , , , , , , , 
#SEGM, 1, , , 2.944385, 263.296829, 19.841842, 36.261160, , , , , , , , , , , , , , , , 
#SEGM, 1, , , 2.791385, 259.574929, 19.619956, 39.986204, , , , , , , , , , , , , , , , 
#SEGM, 1, , , 2.076585, 255.936129, 19.384394, 43.694546, , , , , , , , , , , , , , , , 
#SEGM, 1, , , 0.749985, 251.826829, 19.089005, 48.012672, , , , , , , , , , , , , , , , 
#SEGM, 1, , , -0.988915, 248.263829, 18.777432, 51.977359, , , , , , , , , , , , , , , , 
#SEGM, 1, , , -3.092515, 244.930029, 18.473318, 55.919358, , , , , , , , , , , , , , , , 
#SEGM, 1, , , -5.582915, 241.811529, 18.172805, 59.910240, , , , , , , , , , , , , , , , 
#SEGM, 1, , , -7.934715, 239.600329, 17.954336, 63.138299, , , , , , , , , , , , , , , , 
#SEGM, 1, , , -10.200215, 237.843029, 17.824551, 66.005457, , , , , , , , , , , , , , , , 
#SEGM, 1, , , -13.951715, 235.588229, 17.661818, 70.382428, , , , , , , , , , , , , , , , 
#SEGM, 1, , , -17.117715, 234.244729, 17.515169, 73.821694, , , , , , , , , , , , , , , , 
#SEGM, 1, , , -20.937815, 232.759929, 17.358390, 77.920205, , , , , , , , , , , , , , , , 
#SEGM, 1, , , -24.109215, 231.349929, 17.217441, 81.390922, , , , , , , , , , , , , , , , 
#SEGM, 1, , , -27.523515, 229.372429, 17.034717, 85.336546, , , , , , , , , , , , , , , , 
#SEGM, 1, , , -30.208515, 227.280929, 16.857487, 88.740015, , , , , , , , , , , , , , , , 
#SEGM, 1, , , -32.690315, 224.896629, 16.657543, 92.181558, , , , , , , , , , , , , , , , 
#SEGM, 1, , , -35.029615, 222.435129, 16.444633, 95.577336, , , , , , , , , , , , , , , , 
#SEGM, 1, , , -39.242215, 217.786329, 16.038327, 101.850878, , , , , , , , , , , , , , , , 
#SEGM, 1, , , -42.479415, 214.539229, 15.757774, 106.435976, , , , , , , , , , , , , , , , 
#SEGM, 1, , , -43.788715, 213.437829, 15.654663, 108.146926, , , , , , , , , , , , , , , , 
#SEGM, 1, , , -45.909215, 212.123729, 15.506748, 110.641596, , , , , , , , , , , , , , , , 
#SEGM, 1, , , -48.181915, 211.219329, 15.393959, 113.087635, , , , , , , , , , , , , , , , 
#SEGM, 1, , , -50.650115, 210.564529, 15.298365, 115.641215, , , , , , , , , , , , , , , , 
#SEGM, 1, , , -52.743715, 210.221629, 15.222772, 117.762710, , , , , , , , , , , , , , , , 
#SEGM, 1, , , -55.017615, 210.042129, 15.165283, 120.043684, , , , , , , , , , , , , , , , 
#SEGM, 1, , , -56.857515, 209.804529, 15.111176, 121.898862, , , , , , , , , , , , , , , , 
#SEGM, 1, , , -58.641615, 209.271529, 15.039805, 123.760878, , , , , , , , , , , , , , , , 
#SEGM, 1, , , -60.235815, 208.519929, 14.955988, 125.523369, , , , , , , , , , , , , , , , 
#SEGM, 1, , , -61.832615, 207.364429, 14.847842, 127.494397, , , , , , , , , , , , , , , , 
#SEGM, 1, , , -63.156315, 205.901129, 14.735140, 129.467574, , , , , , , , , , , , , , , , 
#SEGM, 1, , , -64.453415, 204.229829, 14.618786, 131.583162, , , , , , , , , , , , , , , , 
#SEGM, 1, , , -65.649715, 202.789129, 14.525583, 133.455794, , , , , , , , , , , , , , , , 
#SEGM, 1, , , -66.917515, 201.542329, 14.440999, 135.233947, , , , , , , , , , , , , , , , 
#SEGM, 1, , , -69.652815, 199.598429, 14.286749, 138.589631, , , , , , , , , , , , , , , , 
#SEGM, 1, , , -72.996215, 197.898029, 14.329229, 142.340588, , , , , , , , , , , , , , , , 
#SEGM, 1, , , -76.041215, 196.456329, 14.295647, 145.709642, , , , , , , , , , , , , , , , 
#SEGM, 1, , , -78.568515, 195.021029, 14.253919, 148.616071, , , , , , , , , , , , , , , , 
#SEGM, 1, , , -80.744315, 193.557829, 14.219226, 151.238105, , , , , , , , , , , , , , , , 
#SEGM, 1, , , -82.839915, 191.858929, 14.184412, 153.935845, , , , , , , , , , , , , , , , 
#SEGM, 1, , , -84.362215, 190.354429, 14.157156, 156.076153, , , , , , , , , , , , , , , , 
#SEGM, 1, , , -85.835215, 188.654129, 14.129406, 158.325764, , , , , , , , , , , , , , , , 
#SEGM, 1, , , -87.363115, 186.534729, 14.098294, 160.938489, , , , , , , , , , , , , , , , 
#SEGM, 1, , , -88.667115, 184.361129, 14.069351, 163.473238, , , , , , , , , , , , , , , , 
#SEGM, 1, , , -89.852615, 182.058529, 14.041701, 166.063099, , , , , , , , , , , , , , , , 
#SEGM, 1, , , -90.935215, 179.485029, 14.012281, 168.855038, , , , , , , , , , , , , , , , 
#SEGM, 1, , , -91.718215, 177.083029, 13.984169, 171.381437, , , , , , , , , , , , , , , , 
#SEGM, 1, , , -92.355715, 174.696129, 13.955609, 173.852003, , , , , , , , , , , , , , , , 
#SEGM, 1, , , -92.878115, 172.065929, 13.921522, 176.533580, , , , , , , , , , , , , , , , 
#SEGM, 1, , , -93.121315, 169.668829, 13.885207, 178.942986, , , , , , , , , , , , , , , , 
#SEGM, 1, , , -93.196215, 166.633329, 13.832936, 181.979410, , , , , , , , , , , , , , , , 
#SEGM, 1, , , -93.247915, 163.301729, 13.771936, 185.311411, , , , , , , , , , , , , , , , 
#SEGM, 1, , , -93.307615, 156.355929, 13.594193, 192.257467, , , , , , , , , , , , , , , , 
#SEGM, 1, , , -93.307615, 137.432529, 13.058596, 211.180867, , , , , , , , , , , , , , , , 
#SEGM, 1, , , -93.292315, 129.703229, 12.813083, 218.910182, , , , , , , , , , , , , , , , 
#SEGM, 1, , , -93.482515, 124.704429, 12.645808, 223.912599, , , , , , , , , , , , , , , , 
#SEGM, 1, , , -93.853315, 119.292629, 12.469779, 229.337088, , , , , , , , , , , , , , , , 
#SEGM, 1, , , -94.781315, 110.689729, 12.189723, 237.989895, , , , , , , , , , , , , , , , 
#SEGM, 1, , , -96.214415, 98.246129, 11.820343, 250.515746, , , , , , , , , , , , , , , , 
#SEGM, 1, , , -97.362415, 88.150329, 11.545258, 260.676607, , , , , , , , , , , , , , , , 
#SEGM, 1, , , -98.652915, 77.023129, 11.243737, 271.878391, , , , , , , , , , , , , , , , 
#SEGM, 1, , , -100.057215, 64.993229, 10.916353, 283.989978, , , , , , , , , , , , , , , , 
#SEGM, 1, , , -101.610715, 51.337429, 10.549406, 297.733858, , , , , , , , , , , , , , , , 
#SEGM, 1, , , -102.226715, 45.587629, 10.395674, 303.516562, , , , , , , , , , , , , , , , 
#SEGM, 1, , , -102.480315, 42.662929, 10.317430, 306.452236, , , , , , , , , , , , , , , , 
#SEGM, 1, , , -102.930215, 36.298629, 10.146122, 312.832418, , , , , , , , , , , , , , , , 
#SEGM, 1, , , -103.225315, 30.159629, 9.980508, 318.978507, , , , , , , , , , , , , , , , 
#SEGM, 1, , , -103.274515, 28.050729, 9.924085, 321.087980, , , , , , , , , , , , , , , , 
#SEGM, 1, , , -103.318715, 24.722529, 9.836572, 324.416474, , , , , , , , , , , , , , , , 
#SEGM, 1, , , -103.311715, 19.432329, 9.698447, 329.706678, , , , , , , , , , , , , , , , 
#SEGM, 1, , , -103.303415, 10.573229, 9.455411, 338.565782, , , , , , , , , , , , , , , , 
#SEGM, 1, , , -103.290415, -6.059971, 9.004538, 355.198987, , , , , , , , , , , , , , , , 
#SEGM, 1, , , -103.314815, -27.092671, 8.440694, 376.231702, , , , , , , , , , , , , , , , 
#SEGM, 1, , , -103.153015, -29.734871, 8.372325, 378.878851, , , , , , , , , , , , , , , , 
#SEGM, 1, , , -102.717215, -32.627971, 8.298027, 381.804590, , , , , , , , , , , , , , , , 
#SEGM, 1, , , -101.974415, -35.775571, 8.216464, 385.038649, , , , , , , , , , , , , , , , 
#SEGM, 1, , , -101.021415, -38.723971, 8.138440, 388.137241, , , , , , , , , , , , , , , , 
#SEGM, 1, , , -99.542815, -41.894771, 8.053320, 391.635845, , , , , , , , , , , , , , , , 
#SEGM, 1, , , -98.266815, -44.215271, 7.990290, 394.284032, , , , , , , , , , , , , , , , 
#SEGM, 1, , , -96.355515, -47.327671, 7.901237, 397.936443, , , , , , , , , , , , , , , , 
#SEGM, 1, , , -93.427915, -51.138671, 7.769068, 402.742123, , , , , , , , , , , , , , , , 
#SEGM, 1, , , -90.781415, -53.738671, 7.664231, 406.452104, , , , , , , , , , , , , , , , 
#SEGM, 1, , , -87.336615, -56.557371, 7.553582, 410.903140, , , , , , , , , , , , , , , , 
#SEGM, 1, , , -84.592815, -58.243971, 7.520471, 414.123863, , , , , , , , , , , , , , , , 
#SEGM, 1, , , -81.796615, -59.515571, 7.511816, 417.195622, , , , , , , , , , , , , , , , 
#SEGM, 1, , , -79.433915, -60.392071, 7.509331, 419.715662, , , , , , , , , , , , , , , , 
#SEGM, 1, , , -76.424915, -61.306171, 7.508795, 422.860445, , , , , , , , , , , , , , , , 
#SEGM, 1, , , -73.860615, -61.859171, 7.509989, 425.483696, , , , , , , , , , , , , , , , 
#SEGM, 1, , , -71.298315, -62.276771, 7.511696, 428.079803, , , , , , , , , , , , , , , , 
#SEGM, 1, , , -68.256415, -62.504571, 7.512693, 431.130220, , , , , , , , , , , , , , , , 
#SEGM, 1, , , -65.485415, -62.380971, 7.512073, 433.903976, , , , , , , , , , , , , , , , 
#SEGM, 1, , , -61.798915, -62.080471, 7.511060, 437.602703, , , , , , , , , , , , , , , , 
#SEGM, 1, , , -58.490415, -61.736371, 7.513541, 440.929049, , , , , , , , , , , , , , , , 
#SEGM, 1, , , -55.219415, -61.323371, 7.525489, 444.226018, , , , , , , , , , , , , , , , 
#SEGM, 1, , , -36.838415, -58.551171, 7.975714, 462.814893, , , , , , , , , , , , , , , , 
#SEGM, 1, , , -8.448015, -54.366471, 8.846087, 491.512045, , , , , , , , , , , , , , , , 
#SEGM, 1, , , 11.253085, -51.579171, 9.447352, 511.409341, , , , , , , , , , , , , , , , 
#SEGM, 1, , , 19.167785, -50.081871, 9.706206, 519.464425, , , , , , , , , , , , , , , , 
#SEGM, 1, , , 23.492585, -48.379771, 9.861673, 524.112117, , , , , , , , , , , , , , , , 
#SEGM, 1, , , 26.972485, -46.602371, 9.996069, 528.019655, , , , , , , , , , , , , , , , 
#SEGM, 1, , , 31.051185, -44.109171, 10.165719, 532.800015, , , , , , , , , , , , , , , , 
#SEGM, 1, , , 35.521285, -40.431771, 10.368834, 538.588371, , , , , , , , , , , , , , , , 
#SEGM, 1, , , 37.712785, -37.848671, 10.483574, 541.975859, , , , , , , , , , , , , , , , 
#SEGM, 1, , , 40.229985, -34.372671, 10.622286, 546.267580, , , , , , , , , , , , , , , , 
#SEGM, 1, , , 42.495285, -30.330371, 10.756675, 550.901345, , , , , , , , , , , , , , , , 
#SEGM, 1, , , 44.440585, -24.521671, 10.924922, 557.027126, , , , , , , , , , , , , , , , 
#SEGM, 1, , , 45.175785, -18.208471, 11.098023, 563.382990, , , , , , , , , , , , , , , , 
#SEGM, 1, , , 45.503885, -9.776371, 11.330139, 571.821471, , , , , , , , , , , , , , , , 
#SEGM, 1, , , 45.525285, -0.656571, 11.574886, 580.941296, , , , , , , , , , , , , , , , 
#SEGM, 1, , , 45.405085, 61.055229, 13.117332, 642.653213, , , , , , , , , , , , , , , , 
#SEGM, 1, , , 45.405285, 89.379929, 13.826866, 670.977913, , , , , , , , , , , , , , , , 
#SEGM, 1, , , 45.284985, 123.008029, 14.662028, 704.606228, , , , , , , , , , , , , , , , 
#SEGM, 1, , , 46.141085, 134.188929, 14.954152, 715.819855, , , , , , , , , , , , , , , , 
#SEGM, 1, , , 49.002585, 149.064529, 15.386770, 730.968177, , , , , , , , , , , , , , , , 
#SEGM, 1, , , 51.833285, 158.953729, 15.693407, 741.254534, , , , , , , , , , , , , , , , 
#SEGM, 1, , , 55.011385, 169.370229, 16.003974, 752.145071, , , , , , , , , , , , , , , , 
#SEGM, 1, , , 58.860385, 181.103729, 16.399256, 764.493748, , , , , , , , , , , , , , , , 
#SEGM, 1, , , 63.592785, 192.829629, 16.817565, 777.138602, , , , , , , , , , , , , , , , 
#SEGM, 1, , , 77.362585, 220.549429, 17.719681, 808.090092, , , , , , , , , , , , , , , , 
#SEGM, 1, , , 97.785285, 261.513429, 18.679314, 853.862747, , , , , , , , , , , , , , , , 
#SEGM, 1, , , 102.422085, 271.612829, 18.923131, 864.975703, , , , , , , , , , , , , , , , 
#SEGM, 1, , , 105.360385, 280.761329, 19.136549, 874.584484, , , , , , , , , , , , , , , , 
#SEGM, 1, , , 106.363485, 287.636829, 19.276494, 881.532772, , , , , , , , , , , , , , , , 
#SEGM, 1, , , 106.340085, 293.322729, 19.378614, 887.218720, , , , , , , , , , , , , , , , 
#SEGM, 1, , , 105.638085, 298.514829, 19.470164, 892.458062, , , , , , , , , , , , , , , , 
#SEGM, 1, , , 103.860785, 303.050829, 19.559498, 897.329827, , , , , , , , , , , , , , , , 
#SEGM, 1, , , 100.955585, 307.203729, 19.650872, 902.398038, , , , , , , , , , , , , , , , 
#SEGM, 1, , , 95.468985, 312.691829, 19.744838, 910.158323, , , , , , , , , , , , , , , , 
#SEGM, 1, , , 89.600585, 317.028629, 19.738337, 917.455305, , , , , , , , , , , , , , , , 
#SEGM, 1, , , 80.705785, 321.595029, 19.664947, 927.453779, , , , , , , , , , , , , , , , 
#SEGM, 1, , , 70.647085, 324.690529, 19.575713, 937.978016, , , , , , , , , , , , , , , , 
#SEGM, 1, , , 63.440085, 326.508629, 19.513962, 945.410804, , , , , , , , , , , , , , , , 
#SEGM, 1, , , 50.949785, 328.693529, 19.457608, 958.090764, , , , , , , , , , , , , , , , 
#SEGM, 1, , , 38.208185, 330.240229, 19.835530, 970.925898, , , , , , , , , , , , , , , , 
#SEGM, 1, , , 33.868885, 330.669729, 19.938409, 975.286401, , , , , , , , , , , , , , , , 
#SEGM, 1, , , 30.281985, 330.751729, 20.022936, 978.874239, , , , , , , , , , , , , , , , 
#SEGM, 1, , , 26.539185, 330.314829, 20.106036, 982.642452, , , , , , , , , , , , , , , , 
#SEGM, 1, , , 23.335885, 329.601129, 20.179224, 985.924296, , , , , , , , , , , , , , , , 
#SEGM, 1, , , 20.323285, 328.489229, 20.249170, 989.135539, , , , , , , , , , , , , , , , 
#SEGM, 1, , , 17.028985, 326.916429, 20.334806, 992.786034, , , , , , , , , , , , , , , , 
#SEGM, 1, , , 14.449885, 325.064329, 20.404059, 995.961255, , , , , , , , , , , , , , , , 
#SEGM, 1, , , 11.233485, 322.271429, 20.498491, 1000.221011, , , , , , , , , , , , , , , , 
#SEGM, 1, , , 9.462085, 320.050929, 20.550285, 1003.061518, , , , , , , , , , , , , , , , 
#SEGM, 1, , , 6.999885, 316.561029, 20.633365, 1007.332563, , , , , , , , , , , , , , , , 
#SEGM, 1, , , 5.437985, 313.748629, 20.702074, 1010.549569, , , , , , , , , , , , , , , , 
#SEGM, 1, , , 4.235185, 310.270729, 20.775321, 1014.229585, , , , , , , , , , , , , , , , 
#SEGM, 1, , , 3.605585, 307.228429, 20.828229, 1017.336349, , , , , , , , , , , , , , , , 
#SEGM, 1, , , 3.131685, 303.850129, 20.872593, 1020.747726, , , , , , , , , , , , , , , , 
#SEGM, 1, , , 2.923785, 299.557929, 20.889129, 1025.044958, , , , , , , , , , , , , , , , 
#SEGM, 2, , , 38.326085, 289.444729, 18.655730, 0.000000, , , , , , , , , , , , , , , , 
#SEGM, 2, , , 38.299285, 279.384429, 18.430465, 10.060336, , , , , , , , , , , , , , , , 
#SEGM, 2, , , 38.181585, 235.059729, 17.319604, 54.385192, , , , , , , , , , , , , , , , 
#SEGM, 2, , , 38.080985, 197.181829, 16.371107, 92.263226, , , , , , , , , , , , , , , , 
#SEGM, 2, , , 37.997485, 165.752629, 15.584662, 123.692536, , , , , , , , , , , , , , , , 
#SEGM, 2, , , 37.953785, 151.105829, 15.215421, 138.339402, , , , , , , , , , , , , , , , 
#SEGM, 2, , , 37.950685, 123.443629, 14.524527, 166.001602, , , , , , , , , , , , , , , , 
#SEGM, 2, , , 37.945885, 79.840229, 13.435627, 209.605002, , , , , , , , , , , , , , , , 
#SEGM, 2, , , 37.965385, 72.827629, 13.260700, 216.617629, , , , , , , , , , , , , , , , 
#SEGM, 2, , , 38.089985, 27.105529, 12.120700, 262.339899, , , , , , , , , , , , , , , , 
#SEGM, 2, , , 38.177685, -9.516971, 11.205648, 298.962504, , , , , , , , , , , , , , , , 
#SEGM, 2, , , 38.190085, -14.376471, 11.085209, 303.822020, , , , , , , , , , , , , , , , 
#SEGM, 3, , , -78.307834, 132.816228, 13.118470, 0.000000, , , , , , , , , , , , , , , , 
#SEGM, 3, , , -65.512436, 133.583952, 13.380571, 12.818409, , , , , , , , , , , , , , , , 
#SEGM, 3, , , -42.444215, 132.738629, 13.582768, 35.902113, , , , , , , , , , , , , , , , 
#SEGM, 3, , , -28.149875, 132.816228, 13.742803, 50.196664, , , , , , , , , , , , , , , , 
#SEGM, 3, , , -6.909515, 132.816228, 13.990326, 71.437024, , , , , , , , , , , , , , , , 
#SEGM, 3, , , -6.219115, 132.814129, 13.996964, 72.127427, , , , , , , , , , , , , , , , 
#SEGM, 3, , , -3.596515, 132.686629, 14.022425, 74.753124, , , , , , , , , , , , , , , , 
#SEGM, 3, , , 0.704485, 132.343829, 14.069556, 79.067764, , , , , , , , , , , , , , , , 
#SEGM, 3, , , 4.876185, 131.925129, 14.114248, 83.260423, , , , , , , , , , , , , , , , 
#SEGM, 3, , , 8.047385, 131.607529, 14.144920, 86.447487, , , , , , , , , , , , , , , , 
#SEGM, 3, , , 11.210185, 131.339829, 14.149786, 89.621596, , , , , , , , , , , , , , , , 
#SEGM, 3, , , 14.158585, 131.173829, 14.178425, 92.574665, , , , , , , , , , , , , , , , 
#SEGM, 3, , , 16.767385, 131.123329, 14.245252, 95.183954, , , , , , , , , , , , , , , , 
#SEGM, 3, , , 32.346985, 131.095829, 14.602928, 110.763578, , , , , , , , , , , , , , , , 
#SEGM, 3, , , 56.117285, 131.060529, 15.011433, 134.533905, , , , , , , , , , , , , , , , 
#SEGM, 3, , , 82.893085, 131.028429, 14.770602, 161.309724, , , , , , , , , , , , , , , , 
#PATH, 0, Mcity Path, 0, , , , , 0.000000, , , , , , , , , , , , , , , 1
#PATH, 1, Mcity Outside Path, 1, , , , , 0.000000, , , , , , , , , , , , , , , 1
#PATH, 2, Highway Road, 2, , , , , 0.000000, , , , , , , , , , , , , , , 0
#PATH, 3, East-West Path, 3, , , , , 0.000000, , , , , , , , , , , , , , , 0
#REND, , , , , , , , , Mcity, Animator/3D_Shape_Files/VS_SceneBuilder/Resources/Tilesets/Standalone/Mesh/VsV/Roads_01.OSG, 0.000000, 30.332085, 140.806529, 0.000000, 0, , , , , , , , 
#REND, , , , , , , , , Mcity, Animator/3D_Shape_Files/VS_SceneBuilder/Resources/Tilesets/Standalone/Mesh/VsV/RoadMarkings.OSG, 0.000000, 30.332085, 140.806529, 0.000000, 0, , , , , , , , 
#REND, , , , , , , , , Mcity, Animator/3D_Shape_Files/VS_SceneBuilder/Resources/Tilesets/Standalone/Mesh/VsV/TreeWall.OSG, 0.000000, 30.332085, 140.806529, 0.000000, 0, , , , , , , , 
#REND, , , , , , , , , Mcity, Animator/3D_Shape_Files/VS_SceneBuilder/Resources/Tilesets/Standalone/Mesh/VsV/Details.OSG, 0.000000, 30.332085, 140.806529, 0.000000, 0, , , , , , , , 
#REND, , , , , , , , , Mcity, Animator/3D_Shape_Files/VS_SceneBuilder/Resources/Tilesets/Standalone/Mesh/VsV/Ground_01.OSG, 0.000000, 30.332085, 140.806529, 0.000000, 0, , , , , , , , 
#, , , , , , , , , , , , , , , , , , , , , , , 
#ENDTABLE

! Table Columns:
!   NOTE: Label columns are not written to parsfile.
!
! 0: (Ring) Choose Yes to set a custom Path ID
! 1: (Text) Path ID (if active; ignored otherwise)  Specify an integer 999 or greater to identify this reference path. If a path already exists with this ID, then information from this dataset will override the properties of the existing path. If not, a new one will be added to the model.
! 2: (Text) Path Description
! 3: (Text) Starting Station for path
! 4: (Text) Ending Station for path (calculated)
! 5: (Text) Path Length (calculated)
! 6: (Text) Start X location (Global Coordinates)
! 7: (Text) Start Y location (Global Coordinates)
! 8: (Ring) Choose Yes to set path as looped.
#MIXTABLE1
#NUMROWS 4
#No, 999, Mcity Path, 0, 491.978, 491.978, -50.014, 59.588, Yes
#No, 1000, Mcity Outside Path, 0, 1025.045, 1025.045, 2.924, 299.558, Yes
#No, , Highway Road, 0, 303.822, 303.822, 38.326, 289.445, No
#No, , East-West Path, 0, 161.310, 161.310, -78.308, 132.816, No
#ENDTABLE

#EMBEDDED_NOTES
#This dataset was imported from the file Mcity_scene.vsscene, exported from the VS Scene Builder. (See the folder Scene_import\Scene_Builder.)
#
#The Mcity scene is centered on the calibration pad.  The GPS information for the calibration pad was obtained from Mcity.  It is not part of the Mcity_scene.vsscene, but was added directly to this dataset after import.
#END_EMBEDDED_NOTES

LOG_ENTRY Used Dataset: Scene: External Import; { VS Scene Builder } Mcity Scene Import
#Library : Scene: External Import
#DataSet : Mcity Scene Import
#Category: VS Scene Builder
#FileID  : SceneImp_284e30d1-f921-4de7-b4c0-c39ef5b89fcc
#Modified: 08-20-2021 17:59:04
#Product : CarSim 2024.1
#DataVer : 2024.1
#VehCode VS Terrain Scene

END
