PARSFILE
#FullDataName Scene: External Import`Atlas: Hilly Scenic Route`ADAS RP
#VehCode External Path Import


DEFINE_PATHS   1
IPATH = NPATH
PATH_ID IPATH
OPT_PATH_START 0
OPT_PATH_LOOP 0
SPATH_START 0
PATH_ID_DM  = PATH_ID
set_description path_id Path_1
NSEGMENTS   1
IPATHSEG 1
SEGMENT_TYPE 1
DEFINE_XY_TABLES 1
ITAB_XY = NTAB_XY
XY_TABLE_ID = ITAB_XY
SET_DESCRIPTION XY_TABLE_ID Path_1 Segment 1
XY_SEGMENT_ID = XY_TABLE_ID
SEGMENT_XY_TABLE
0.000000, 0.000000, 0.000000, 0.000000
-7.779127, 26.123742, 0.398926, 27.257379
-13.287748, 35.531425, 0.966064, 38.159186
-27.592627, 51.987392, 2.641968, 59.963507
-40.538714, 62.023128, 4.250366, 76.343897
-59.954776, 72.019685, 6.666504, 98.182272
-81.001940, 77.945099, 9.205078, 120.047625
-97.327659, 78.011230, 11.241821, 136.373477
-123.984076, 71.675831, 14.896362, 163.772416
-143.720817, 62.355843, 17.970703, 185.599031
-156.113048, 51.720988, 20.325317, 201.928989
-201.589352, -9.749132, 33.541138, 278.392509
-242.963614, -53.379917, 47.936890, 338.521329
-316.589148, -110.178587, 51.098267, 431.509544
-341.488496, -121.491190, 55.624146, 458.858265
-362.694148, -126.255407, 57.933472, 480.592511
-384.460981, -124.219729, 59.347046, 502.454327
-410.324839, -115.557363, 61.113770, 529.730245
-427.235301, -101.868394, 61.426636, 551.486890
-439.733417, -84.005857, 63.837646, 573.287650
-446.760345, -69.226435, 66.874512, 589.652522
-449.580895, -47.666545, 67.958130, 611.396127
-442.503437, -10.271796, 69.016479, 649.454735
-387.033109, 102.389074, 64.771484, 775.031122
-378.555996, 128.215044, 63.145142, 802.212773
-377.010751, 149.947878, 62.162231, 824.000473
-379.815567, 166.004205, 61.968140, 840.299940
-388.590908, 185.970080, 62.524658, 862.109176
-405.302772, 207.512274, 64.206177, 889.373668
-426.290002, 225.066458, 66.639526, 916.734465
-441.119827, 231.711577, 68.631348, 932.985044
-462.601761, 235.976770, 71.877197, 954.886308
-528.183656, 240.671035, 83.259644, 1020.635993
-566.209479, 245.638600, 89.744385, 1058.984916
-619.170958, 259.603326, 95.390625, 1113.756549
-654.805748, 273.704640, 98.424683, 1152.079980
-706.529645, 304.288220, 101.319336, 1212.169221
-737.114697, 327.331520, 102.875000, 1250.463334
-850.657677, 421.878156, 109.197266, 1398.216759
-1086.050621, 609.160131, 125.247925, 1699.022969
-1107.216286, 634.173775, 122.944458, 1731.789839
-1147.166299, 705.698807, 119.117920, 1813.715621
-1167.869594, 730.924371, 119.896240, 1846.349277
-1190.937618, 744.646092, 122.112915, 1873.189906
-1212.252807, 749.770289, 124.850098, 1895.112376
-1261.001637, 755.473937, 129.981812, 1944.193737
-1282.159134, 760.987401, 134.439087, 1966.057816
-1291.623343, 766.410199, 137.177612, 1976.965520
-1302.794380, 778.300763, 136.533447, 1993.280469
-1314.785175, 802.716222, 135.461060, 2020.481458
-1315.912468, 824.369256, 135.110229, 2042.163817
-1309.249031, 872.905916, 136.121460, 2091.155742
-1302.622437, 893.687242, 136.079102, 2112.968015
-1296.761915, 902.850143, 135.157471, 2123.844801
-1281.493457, 918.441613, 135.026123, 2145.667261
-1109.831418, 1035.890278, 144.727051, 2353.662560
-1090.543773, 1055.237159, 146.005493, 2380.981328
-1080.714959, 1074.655453, 146.120483, 2402.745420
-1073.509472, 1106.505437, 146.515015, 2435.400290
-1072.622136, 1204.751105, 145.486084, 2533.649965
-1079.106894, 1258.923046, 147.427490, 2588.208661
-1092.977177, 1317.267762, 147.676636, 2648.179409
-1089.440340, 1344.022649, 149.662842, 2675.167058
-1073.853316, 1366.241854, 147.874634, 2702.308325
-1045.735233, 1382.968086, 146.843262, 2735.025193
-1024.009960, 1385.103316, 147.242798, 2756.855142
-991.201974, 1382.883599, 146.461182, 2789.738133
ENDTABLE
ROAD_ZS_TABLE SPLINE_FLAT
0.000000, 0.000000
27.257379, 0.398926
38.159186, 0.966064
59.963507, 2.641968
76.343897, 4.250366
98.182272, 6.666504
120.047625, 9.205078
136.373477, 11.241821
163.772416, 14.896362
185.599031, 17.970703
201.928989, 20.325317
278.392509, 33.541138
338.521329, 47.936890
431.509544, 51.098267
458.858265, 55.624146
480.592511, 57.933472
502.454327, 59.347046
529.730245, 61.113770
551.486890, 61.426636
573.287650, 63.837646
589.652522, 66.874512
611.396127, 67.958130
649.454735, 69.016479
775.031122, 64.771484
802.212773, 63.145142
824.000473, 62.162231
840.299940, 61.968140
862.109176, 62.524658
889.373668, 64.206177
916.734465, 66.639526
932.985044, 68.631348
954.886308, 71.877197
1020.635993, 83.259644
1058.984916, 89.744385
1113.756549, 95.390625
1152.079980, 98.424683
1212.169221, 101.319336
1250.463334, 102.875000
1398.216759, 109.197266
1699.022969, 125.247925
1731.789839, 122.944458
1813.715621, 119.117920
1846.349277, 119.896240
1873.189906, 122.112915
1895.112376, 124.850098
1944.193737, 129.981812
1966.057816, 134.439087
1976.965520, 137.177612
1993.280469, 136.533447
2020.481458, 135.461060
2042.163817, 135.110229
2091.155742, 136.121460
2112.968015, 136.079102
2123.844801, 135.157471
2145.667261, 135.026123
2353.662560, 144.727051
2380.981328, 146.005493
2402.745420, 146.120483
2435.400290, 146.515015
2533.649965, 145.486084
2588.208661, 147.427490
2648.179409, 147.676636
2675.167058, 149.662842
2702.308325, 147.874634
2735.025193, 146.843262
2756.855142, 147.242798
2789.738133, 146.461182
ENDTABLE
#CheckBox0 0    
#CheckBox1 1    
#CheckBox2 1    
#CheckBox3 1    
SMTH_MULT .1
SMTH_MINACC 1.4
JSON_FILENAME Scene_Import\Atlas\CA-41.vsscene
#RingCtrl0 1
SMTH_PASS 1
GPS_REF_LAT 37.43658
GPS_REF_LONG -119.6387
GPS_REF_ALT 1309.791870

!!!!!!!!!!!!!!!!!!!!!!!!!!!!!!!!!!!!!!!!!!!!!!!!!!!!!!!!!!!!!!
!!!!!!!!!!!!!!!!!!!  Warning: Raw Data Below  !!!!!!!!!!!!!!!!
!!!!!!!!!!!!!!!!!!!!!!!!!  Do Not Edit  !!!!!!!!!!!!!!!!!!!!!!
!!!!!!!!!!!!!!!!!!!!!!!!!!!!!!!!!!!!!!!!!!!!!!!!!!!!!!!!!!!!!!
! Table Columns:
!   NOTE: Label columns are not written to parsfile.
!
! 0: (Text) Describes the import object type (PATH or SEGM)
! 1: (Text) Describes the import object internal ID
! 2: (Text) Describes the import object name
! 3: (Text) Id of segment linked to by a path
! 4: (Text) X Coordinate of Segment definition
! 5: (Text) Y Coordinate of Segment definition
! 6: (Text) Z Coordinate of Segment definition
! 7: (Text) S Coordinate of Segment definition
! 8: (Text) Heading of a segment linked to by a path
! 9: (Text) RenderObject Title
! 10: (Text) RenderObject Path
! 11: (Text) RenderObject Z Angle
! 12: (Text) RenderObject X Offset
! 13: (Text) RenderObject Y Offset
! 14: (Text) RenderObject Z Offset
! 15: (Text) RenderObject No Shadows
! 16: (Text) SensorObject Title
! 17: (Text) SensorObject X
! 18: (Text) SensorObject Y
! 19: (Text) SensorObject Height
! 20: (Text) SensorObject Diameter
! 21: (Text) SensorObject Type
! 22: (Text) SensorObject Message
! 23: (Text) Path is looped
#MIXTABLE0
#NUMROWS 514
#SEGM, 0, , , 0.000000, 0.000000, 0.000000, 0.000000, , , , , , , , , , , , , , , , 
#SEGM, 0, , , -1.124608, 5.340888, 0.005615, 5.458006, , , , , , , , , , , , , , , , 
#SEGM, 0, , , -2.527195, 10.617738, 0.059937, 10.918079, , , , , , , , , , , , , , , , 
#SEGM, 0, , , -4.057169, 15.854994, 0.135376, 16.374238, , , , , , , , , , , , , , , , 
#SEGM, 0, , , -5.918147, 20.989368, 0.268311, 21.835468, , , , , , , , , , , , , , , , 
#SEGM, 0, , , -7.779127, 26.123742, 0.398926, 27.296699, , , , , , , , , , , , , , , , 
#SEGM, 0, , , -10.323884, 30.950819, 0.646851, 32.753480, , , , , , , , , , , , , , , , 
#SEGM, 0, , , -13.287748, 35.531425, 0.966064, 38.209343, , , , , , , , , , , , , , , , 
#SEGM, 0, , , -16.696513, 39.806273, 1.359985, 43.676884, , , , , , , , , , , , , , , , 
#SEGM, 0, , , -20.252402, 43.938574, 1.778198, 49.128513, , , , , , , , , , , , , , , , 
#SEGM, 0, , , -24.013314, 47.872229, 2.230469, 54.570765, , , , , , , , , , , , , , , , 
#SEGM, 0, , , -27.592627, 51.987392, 2.641968, 60.024758, , , , , , , , , , , , , , , , 
#SEGM, 0, , , -31.668053, 55.638028, 3.140869, 65.496161, , , , , , , , , , , , , , , , 
#SEGM, 0, , , -36.157901, 58.742756, 3.710449, 70.954921, , , , , , , , , , , , , , , , 
#SEGM, 0, , , -40.538714, 62.023128, 4.250366, 76.427796, , , , , , , , , , , , , , , , 
#SEGM, 0, , , -45.281080, 64.757699, 4.849365, 81.902092, , , , , , , , , , , , , , , , 
#SEGM, 0, , , -50.038489, 67.469582, 5.441895, 87.378154, , , , , , , , , , , , , , , , 
#SEGM, 0, , , -55.130812, 69.426994, 6.090210, 92.833721, , , , , , , , , , , , , , , , 
#SEGM, 0, , , -59.954776, 72.019685, 6.666504, 98.310278, , , , , , , , , , , , , , , , 
#SEGM, 0, , , -65.122428, 73.831170, 7.300293, 103.786235, , , , , , , , , , , , , , , , 
#SEGM, 0, , , -70.316843, 75.571126, 7.922974, 109.264317, , , , , , , , , , , , , , , , 
#SEGM, 0, , , -75.632601, 76.904399, 8.561279, 114.744729, , , , , , , , , , , , , , , , 
#SEGM, 0, , , -81.001940, 77.945099, 9.205078, 120.213993, , , , , , , , , , , , , , , , 
#SEGM, 0, , , -86.448157, 78.566005, 9.862793, 125.695490, , , , , , , , , , , , , , , , 
#SEGM, 0, , , -91.916548, 78.799948, 10.533325, 131.168883, , , , , , , , , , , , , , , , 
#SEGM, 0, , , -97.327659, 78.011230, 11.241821, 136.637173, , , , , , , , , , , , , , , , 
#SEGM, 0, , , -102.682695, 76.852410, 11.963501, 142.116158, , , , , , , , , , , , , , , , 
#SEGM, 0, , , -108.017761, 75.597929, 12.690552, 147.596728, , , , , , , , , , , , , , , , 
#SEGM, 0, , , -113.352562, 74.342372, 13.421021, 153.077287, , , , , , , , , , , , , , , , 
#SEGM, 0, , , -118.668320, 73.009103, 14.157227, 158.557696, , , , , , , , , , , , , , , , 
#SEGM, 0, , , -123.984076, 71.675831, 14.896362, 164.038105, , , , , , , , , , , , , , , , 
#SEGM, 0, , , -129.082935, 69.762978, 15.648438, 169.483963, , , , , , , , , , , , , , , , 
#SEGM, 0, , , -134.075858, 67.517186, 16.415039, 174.958710, , , , , , , , , , , , , , , , 
#SEGM, 0, , , -138.963410, 65.067728, 17.188599, 180.425703, , , , , , , , , , , , , , , , 
#SEGM, 0, , , -143.720817, 62.355843, 17.970703, 185.901764, , , , , , , , , , , , , , , , 
#SEGM, 0, , , -148.189915, 59.232480, 18.752563, 191.354124, , , , , , , , , , , , , , , , 
#SEGM, 0, , , -152.279688, 55.598279, 19.539673, 196.825291, , , , , , , , , , , , , , , , 
#SEGM, 0, , , -156.113048, 51.720988, 20.325317, 202.277633, , , , , , , , , , , , , , , , 
#SEGM, 0, , , -159.521817, 47.446138, 21.106689, 207.745177, , , , , , , , , , , , , , , , 
#SEGM, 0, , , -162.930583, 43.171289, 21.906372, 213.212720, , , , , , , , , , , , , , , , 
#SEGM, 0, , , -166.339350, 38.896442, 22.729736, 218.680262, , , , , , , , , , , , , , , , 
#SEGM, 0, , , -169.748114, 34.621594, 23.574585, 224.147802, , , , , , , , , , , , , , , , 
#SEGM, 0, , , -173.156881, 30.346749, 24.450073, 229.615342, , , , , , , , , , , , , , , , 
#SEGM, 0, , , -176.565645, 26.071903, 25.353760, 235.082881, , , , , , , , , , , , , , , , 
#SEGM, 0, , , -179.825215, 21.690186, 26.281372, 240.544037, , , , , , , , , , , , , , , , 
#SEGM, 0, , , -182.811600, 17.112782, 27.223633, 246.009486, , , , , , , , , , , , , , , , 
#SEGM, 0, , , -185.797983, 12.535377, 28.199585, 251.474934, , , , , , , , , , , , , , , , 
#SEGM, 0, , , -188.832883, 7.989893, 29.204956, 256.940466, , , , , , , , , , , , , , , , 
#SEGM, 0, , , -191.889977, 3.459011, 30.241089, 262.406243, , , , , , , , , , , , , , , , 
#SEGM, 0, , , -194.947068, -1.071871, 31.304077, 267.872018, , , , , , , , , , , , , , , , 
#SEGM, 0, , , -198.180593, -5.474294, 32.397949, 273.334345, , , , , , , , , , , , , , , , 
#SEGM, 0, , , -201.589352, -9.749132, 33.541138, 278.801874, , , , , , , , , , , , , , , , 
#SEGM, 0, , , -205.242875, -13.800304, 34.714355, 284.257167, , , , , , , , , , , , , , , , 
#SEGM, 0, , , -209.227956, -17.548497, 35.946411, 289.727983, , , , , , , , , , , , , , , , 
#SEGM, 0, , , -213.044678, -21.462718, 37.189087, 295.195019, , , , , , , , , , , , , , , , 
#SEGM, 0, , , -216.769972, -25.467099, 38.448120, 300.664287, , , , , , , , , , , , , , , , 
#SEGM, 0, , , -220.495263, -29.471482, 39.718140, 306.133554, , , , , , , , , , , , , , , , 
#SEGM, 0, , , -224.220550, -33.475867, 41.020386, 311.602819, , , , , , , , , , , , , , , , 
#SEGM, 0, , , -227.945834, -37.480254, 42.316528, 317.072083, , , , , , , , , , , , , , , , 
#SEGM, 0, , , -231.671114, -41.484642, 43.632812, 322.541346, , , , , , , , , , , , , , , , 
#SEGM, 0, , , -235.396390, -45.489032, 44.989868, 328.010607, , , , , , , , , , , , , , , , 
#SEGM, 0, , , -239.121663, -49.493423, 46.378662, 333.479868, , , , , , , , , , , , , , , , 
#SEGM, 0, , , -242.963614, -53.379917, 47.936890, 338.944794, , , , , , , , , , , , , , , , 
#SEGM, 0, , , -247.039011, -57.030526, 49.013062, 344.416157, , , , , , , , , , , , , , , , 
#SEGM, 0, , , -251.329051, -60.424770, 50.016602, 349.886562, , , , , , , , , , , , , , , , 
#SEGM, 0, , , -255.668410, -63.760107, 51.018921, 355.359633, , , , , , , , , , , , , , , , 
#SEGM, 0, , , -260.007765, -67.095446, 51.882324, 360.832703, , , , , , , , , , , , , , , , 
#SEGM, 0, , , -264.347117, -70.430788, 52.483032, 366.305771, , , , , , , , , , , , , , , , 
#SEGM, 0, , , -268.686465, -73.766131, 52.867554, 371.778838, , , , , , , , , , , , , , , , 
#SEGM, 0, , , -273.025810, -77.101477, 52.973999, 377.251903, , , , , , , , , , , , , , , , 
#SEGM, 0, , , -277.344867, -80.462665, 53.019165, 382.724730, , , , , , , , , , , , , , , , 
#SEGM, 0, , , -281.642873, -83.850665, 53.027832, 388.197518, , , , , , , , , , , , , , , , 
#SEGM, 0, , , -285.940876, -87.238668, 53.266968, 393.670305, , , , , , , , , , , , , , , , 
#SEGM, 0, , , -290.238876, -90.626673, 53.617554, 399.143090, , , , , , , , , , , , , , , , 
#SEGM, 0, , , -294.536871, -94.014680, 53.674561, 404.615873, , , , , , , , , , , , , , , , 
#SEGM, 0, , , -298.834864, -97.402690, 53.240479, 410.088656, , , , , , , , , , , , , , , , 
#SEGM, 0, , , -303.132853, -100.790701, 52.629883, 415.561437, , , , , , , , , , , , , , , , 
#SEGM, 0, , , -307.527553, -104.042606, 52.256348, 421.028454, , , , , , , , , , , , , , , , 
#SEGM, 0, , , -312.139842, -106.990152, 52.010864, 426.502140, , , , , , , , , , , , , , , , 
#SEGM, 0, , , -316.589148, -110.178587, 51.098267, 431.975935, , , , , , , , , , , , , , , , 
#SEGM, 0, , , -321.437699, -112.683204, 52.364746, 437.433183, , , , , , , , , , , , , , , , 
#SEGM, 0, , , -326.421598, -114.955999, 53.784302, 442.910852, , , , , , , , , , , , , , , , 
#SEGM, 0, , , -331.417689, -117.202045, 54.680542, 448.388592, , , , , , , , , , , , , , , , 
#SEGM, 0, , , -336.416949, -119.441133, 55.172852, 453.866376, , , , , , , , , , , , , , , , 
#SEGM, 0, , , -341.488496, -121.491190, 55.624146, 459.336597, , , , , , , , , , , , , , , , 
#SEGM, 0, , , -346.717130, -123.130465, 56.628784, 464.816181, , , , , , , , , , , , , , , , 
#SEGM, 0, , , -351.836609, -124.742500, 57.662231, 470.183463, , , , , , , , , , , , , , , , 
#SEGM, 0, , , -357.265378, -125.498954, 57.994263, 475.664683, , , , , , , , , , , , , , , , 
#SEGM, 0, , , -362.694148, -126.255407, 57.933472, 481.145901, , , , , , , , , , , , , , , , 
#SEGM, 0, , , -368.122917, -126.035859, 58.125488, 486.579108, , , , , , , , , , , , , , , , 
#SEGM, 0, , , -373.556553, -125.320350, 58.477417, 492.059651, , , , , , , , , , , , , , , , 
#SEGM, 0, , , -379.012672, -124.794012, 59.012573, 497.541099, , , , , , , , , , , , , , , , 
#SEGM, 0, , , -384.460981, -124.219729, 59.347046, 503.019590, , , , , , , , , , , , , , , , 
#SEGM, 0, , , -389.804353, -123.001366, 59.282349, 508.500104, , , , , , , , , , , , , , , , 
#SEGM, 0, , , -395.108393, -121.645748, 59.023438, 513.974640, , , , , , , , , , , , , , , , 
#SEGM, 0, , , -400.292778, -119.872581, 59.765503, 519.453871, , , , , , , , , , , , , , , , 
#SEGM, 0, , , -405.275433, -117.679715, 60.417603, 524.897721, , , , , , , , , , , , , , , , 
#SEGM, 0, , , -410.324839, -115.557363, 61.113770, 530.375027, , , , , , , , , , , , , , , , 
#SEGM, 0, , , -414.461422, -112.002901, 61.028320, 535.828973, , , , , , , , , , , , , , , , 
#SEGM, 0, , , -418.771895, -108.661998, 61.214600, 541.282578, , , , , , , , , , , , , , , , 
#SEGM, 0, , , -423.410534, -105.753399, 61.976318, 546.757696, , , , , , , , , , , , , , , , 
#SEGM, 0, , , -427.235301, -101.868394, 61.426636, 552.209494, , , , , , , , , , , , , , , , 
#SEGM, 0, , , -430.800830, -97.739065, 61.128662, 557.665166, , , , , , , , , , , , , , , , 
#SEGM, 0, , , -433.825772, -93.186861, 62.060791, 563.130771, , , , , , , , , , , , , , , , 
#SEGM, 0, , , -436.907027, -88.678695, 62.744751, 568.591330, , , , , , , , , , , , , , , , 
#SEGM, 0, , , -439.733417, -84.005857, 63.837646, 574.052454, , , , , , , , , , , , , , , , 
#SEGM, 0, , , -442.298022, -79.181545, 64.956299, 579.516079, , , , , , , , , , , , , , , , 
#SEGM, 0, , , -444.737603, -74.299774, 65.967407, 584.973481, , , , , , , , , , , , , , , , 
#SEGM, 0, , , -446.760345, -69.226435, 66.874512, 590.435189, , , , , , , , , , , , , , , , 
#SEGM, 0, , , -447.905873, -63.895331, 67.027710, 595.887978, , , , , , , , , , , , , , , , 
#SEGM, 0, , , -448.919277, -58.531660, 67.140015, 601.346545, , , , , , , , , , , , , , , , 
#SEGM, 0, , , -449.580895, -53.125096, 67.701660, 606.793441, , , , , , , , , , , , , , , , 
#SEGM, 0, , , -449.580895, -47.666545, 67.958130, 612.251992, , , , , , , , , , , , , , , , 
#SEGM, 0, , , -449.146616, -42.236484, 68.202881, 617.699391, , , , , , , , , , , , , , , , 
#SEGM, 0, , , -448.297483, -36.846498, 68.606689, 623.155853, , , , , , , , , , , , , , , , 
#SEGM, 0, , , -447.644184, -31.454169, 68.642578, 628.587613, , , , , , , , , , , , , , , , 
#SEGM, 0, , , -446.431388, -26.130888, 68.318970, 634.047300, , , , , , , , , , , , , , , , 
#SEGM, 0, , , -445.254257, -20.799734, 68.187988, 639.506865, , , , , , , , , , , , , , , , 
#SEGM, 0, , , -444.094062, -15.464841, 68.675903, 644.966456, , , , , , , , , , , , , , , , 
#SEGM, 0, , , -442.503437, -10.271796, 69.016479, 650.397644, , , , , , , , , , , , , , , , 
#SEGM, 0, , , -440.238453, -5.300988, 69.309082, 655.860161, , , , , , , , , , , , , , , , 
#SEGM, 0, , , -437.973466, -0.330180, 69.340698, 661.322678, , , , , , , , , , , , , , , , 
#SEGM, 0, , , -435.772370, 4.667672, 69.387451, 666.783754, , , , , , , , , , , , , , , , 
#SEGM, 0, , , -433.749626, 9.741018, 69.599365, 672.245469, , , , , , , , , , , , , , , , 
#SEGM, 0, , , -431.432046, 14.677685, 69.767090, 677.699078, , , , , , , , , , , , , , , , 
#SEGM, 0, , , -428.835300, 19.484935, 69.769165, 683.162845, , , , , , , , , , , , , , , , 
#SEGM, 0, , , -426.238551, 24.292185, 70.073608, 688.626612, , , , , , , , , , , , , , , , 
#SEGM, 0, , , -423.641800, 29.099434, 70.558350, 694.090381, , , , , , , , , , , , , , , , 
#SEGM, 0, , , -421.045045, 33.906682, 70.938599, 699.554149, , , , , , , , , , , , , , , , 
#SEGM, 0, , , -418.448287, 38.713929, 70.922485, 705.017919, , , , , , , , , , , , , , , , 
#SEGM, 0, , , -415.851526, 43.521176, 70.657593, 710.481689, , , , , , , , , , , , , , , , 
#SEGM, 0, , , -413.266228, 48.334514, 70.138794, 715.945387, , , , , , , , , , , , , , , , 
#SEGM, 0, , , -410.701614, 53.158843, 69.582153, 721.409030, , , , , , , , , , , , , , , , 
#SEGM, 0, , , -408.196206, 58.012804, 69.093018, 726.871448, , , , , , , , , , , , , , , , 
#SEGM, 0, , , -405.838516, 62.940694, 68.585449, 732.334304, , , , , , , , , , , , , , , , 
#SEGM, 0, , , -403.480823, 67.868583, 68.001099, 737.797161, , , , , , , , , , , , , , , , 
#SEGM, 0, , , -401.123128, 72.796471, 67.430664, 743.260018, , , , , , , , , , , , , , , , 
#SEGM, 0, , , -398.765430, 77.724359, 66.921265, 748.722876, , , , , , , , , , , , , , , , 
#SEGM, 0, , , -396.407729, 82.652246, 66.446167, 754.185735, , , , , , , , , , , , , , , , 
#SEGM, 0, , , -394.050025, 87.580132, 65.997803, 759.648594, , , , , , , , , , , , , , , , 
#SEGM, 0, , , -391.692319, 92.508018, 65.570068, 765.111454, , , , , , , , , , , , , , , , 
#SEGM, 0, , , -389.334610, 97.435903, 65.158203, 770.574314, , , , , , , , , , , , , , , , 
#SEGM, 0, , , -387.033109, 102.389074, 64.771484, 776.036073, , , , , , , , , , , , , , , , 
#SEGM, 0, , , -384.878080, 107.408133, 64.401123, 781.498225, , , , , , , , , , , , , , , , 
#SEGM, 0, , , -382.723047, 112.427192, 64.041992, 786.960378, , , , , , , , , , , , , , , , 
#SEGM, 0, , , -380.924279, 117.563394, 63.715576, 792.402449, , , , , , , , , , , , , , , , 
#SEGM, 0, , , -379.654025, 122.873376, 63.436157, 797.862252, , , , , , , , , , , , , , , , 
#SEGM, 0, , , -378.555996, 128.215044, 63.145142, 803.315608, , , , , , , , , , , , , , , , 
#SEGM, 0, , , -377.836825, 133.626417, 62.874146, 808.774561, , , , , , , , , , , , , , , , 
#SEGM, 0, , , -377.117652, 139.037789, 62.581665, 814.233513, , , , , , , , , , , , , , , , 
#SEGM, 0, , , -377.010751, 144.489328, 62.367798, 819.686099, , , , , , , , , , , , , , , , 
#SEGM, 0, , , -377.010751, 149.947878, 62.162231, 825.144650, , , , , , , , , , , , , , , , 
#SEGM, 0, , , -377.714124, 155.351164, 62.062378, 830.593525, , , , , , , , , , , , , , , , 
#SEGM, 0, , , -378.573882, 160.742163, 61.984741, 836.052650, , , , , , , , , , , , , , , , 
#SEGM, 0, , , -379.815567, 166.004205, 61.968140, 841.459207, , , , , , , , , , , , , , , , 
#SEGM, 0, , , -381.676550, 171.138589, 62.054321, 846.920449, , , , , , , , , , , , , , , , 
#SEGM, 0, , , -383.646500, 176.226187, 62.155273, 852.376121, , , , , , , , , , , , , , , , 
#SEGM, 0, , , -386.118702, 181.098134, 62.342773, 857.839421, , , , , , , , , , , , , , , , 
#SEGM, 0, , , -388.590908, 185.970080, 62.524658, 863.302722, , , , , , , , , , , , , , , , 
#SEGM, 0, , , -391.543898, 190.552340, 62.795288, 868.754077, , , , , , , , , , , , , , , , 
#SEGM, 0, , , -394.731122, 194.993470, 63.104980, 874.220522, , , , , , , , , , , , , , , , 
#SEGM, 0, , , -397.998911, 199.370419, 63.426025, 879.682768, , , , , , , , , , , , , , , , 
#SEGM, 0, , , -401.650840, 203.441347, 63.818604, 885.151684, , , , , , , , , , , , , , , , 
#SEGM, 0, , , -405.302772, 207.512274, 64.206177, 890.620601, , , , , , , , , , , , , , , , 
#SEGM, 0, , , -409.496859, 211.026556, 64.705811, 896.092396, , , , , , , , , , , , , , , , 
#SEGM, 0, , , -413.695143, 214.536530, 65.199951, 901.564645, , , , , , , , , , , , , , , , 
#SEGM, 0, , , -417.893428, 218.046506, 65.687744, 907.036895, , , , , , , , , , , , , , , , 
#SEGM, 0, , , -422.091713, 221.556483, 66.169067, 912.509147, , , , , , , , , , , , , , , , 
#SEGM, 0, , , -426.290002, 225.066458, 66.639526, 917.981400, , , , , , , , , , , , , , , , 
#SEGM, 0, , , -431.328343, 226.799878, 67.355225, 923.309592, , , , , , , , , , , , , , , , 
#SEGM, 0, , , -436.224083, 229.255729, 67.995972, 928.786770, , , , , , , , , , , , , , , , 
#SEGM, 0, , , -441.119827, 231.711577, 68.631348, 934.263949, , , , , , , , , , , , , , , , 
#SEGM, 0, , , -446.464481, 232.829058, 69.428589, 939.724178, , , , , , , , , , , , , , , , 
#SEGM, 0, , , -451.859750, 233.795638, 70.247192, 945.205346, , , , , , , , , , , , , , , , 
#SEGM, 0, , , -457.236780, 234.855423, 71.063721, 950.685819, , , , , , , , , , , , , , , , 
#SEGM, 0, , , -462.601761, 235.976770, 71.877197, 956.166736, , , , , , , , , , , , , , , , 
#SEGM, 0, , , -468.036015, 236.472686, 72.758911, 961.623570, , , , , , , , , , , , , , , , 
#SEGM, 0, , , -473.492370, 236.999047, 73.658691, 967.105255, , , , , , , , , , , , , , , , 
#SEGM, 0, , , -478.949040, 237.521734, 74.568481, 972.586902, , , , , , , , , , , , , , , , 
#SEGM, 0, , , -484.415960, 237.925027, 75.502930, 978.068677, , , , , , , , , , , , , , , , 
#SEGM, 0, , , -489.882880, 238.328316, 76.448486, 983.550452, , , , , , , , , , , , , , , , 
#SEGM, 0, , , -495.351231, 238.710351, 77.404541, 989.032131, , , , , , , , , , , , , , , , 
#SEGM, 0, , , -500.823300, 239.037140, 78.373779, 994.513950, , , , , , , , , , , , , , , , 
#SEGM, 0, , , -506.295371, 239.363926, 79.347656, 999.995769, , , , , , , , , , , , , , , , 
#SEGM, 0, , , -511.767441, 239.690709, 80.323853, 1005.477589, , , , , , , , , , , , , , , , 
#SEGM, 0, , , -517.239513, 240.017488, 81.301392, 1010.959409, , , , , , , , , , , , , , , , 
#SEGM, 0, , , -522.711584, 240.344263, 82.279541, 1016.441228, , , , , , , , , , , , , , , , 
#SEGM, 0, , , -528.183656, 240.671035, 83.259644, 1021.923049, , , , , , , , , , , , , , , , 
#SEGM, 0, , , -533.628142, 241.251100, 84.215332, 1027.398348, , , , , , , , , , , , , , , , 
#SEGM, 0, , , -539.043351, 242.099986, 85.150635, 1032.879689, , , , , , , , , , , , , , , , 
#SEGM, 0, , , -544.458561, 242.948869, 86.083496, 1038.361030, , , , , , , , , , , , , , , , 
#SEGM, 0, , , -549.900848, 243.599365, 87.029907, 1043.842055, , , , , , , , , , , , , , , , 
#SEGM, 0, , , -555.347172, 244.220284, 87.962280, 1049.323659, , , , , , , , , , , , , , , , 
#SEGM, 0, , , -560.793497, 244.841200, 88.858887, 1054.805264, , , , , , , , , , , , , , , , 
#SEGM, 0, , , -566.209479, 245.638600, 89.744385, 1060.279632, , , , , , , , , , , , , , , , 
#SEGM, 0, , , -571.553077, 246.857017, 90.685181, 1065.760378, , , , , , , , , , , , , , , , 
#SEGM, 0, , , -576.896676, 248.075431, 91.607178, 1071.241125, , , , , , , , , , , , , , , , 
#SEGM, 0, , , -582.240277, 249.293841, 92.426636, 1076.721873, , , , , , , , , , , , , , , , 
#SEGM, 0, , , -587.597819, 250.448991, 92.671143, 1082.202532, , , , , , , , , , , , , , , , 
#SEGM, 0, , , -592.896009, 251.836527, 92.849243, 1087.679399, , , , , , , , , , , , , , , , 
#SEGM, 0, , , -598.160092, 253.359966, 93.163940, 1093.159494, , , , , , , , , , , , , , , , 
#SEGM, 0, , , -603.424178, 254.883403, 93.870728, 1098.639591, , , , , , , , , , , , , , , , 
#SEGM, 0, , , -608.688266, 256.406836, 94.478027, 1104.119688, , , , , , , , , , , , , , , , 
#SEGM, 0, , , -613.942106, 257.963982, 95.004150, 1109.599427, , , , , , , , , , , , , , , , 
#SEGM, 0, , , -619.170958, 259.603326, 95.390625, 1115.079239, , , , , , , , , , , , , , , , 
#SEGM, 0, , , -624.376873, 261.309374, 95.617920, 1120.557574, , , , , , , , , , , , , , , , 
#SEGM, 0, , , -629.517444, 263.205453, 95.722778, 1126.036678, , , , , , , , , , , , , , , , 
#SEGM, 0, , , -634.658016, 265.101529, 96.068726, 1131.515783, , , , , , , , , , , , , , , , 
#SEGM, 0, , , -639.757159, 267.099421, 96.558716, 1136.992354, , , , , , , , , , , , , , , , 
#SEGM, 0, , , -644.773353, 269.301164, 96.906372, 1142.470480, , , , , , , , , , , , , , , , 
#SEGM, 0, , , -649.789549, 271.502903, 97.606323, 1147.948608, , , , , , , , , , , , , , , , 
#SEGM, 0, , , -654.805748, 273.704640, 98.424683, 1153.426737, , , , , , , , , , , , , , , , 
#SEGM, 0, , , -659.605933, 276.330499, 98.955933, 1158.898200, , , , , , , , , , , , , , , , 
#SEGM, 0, , , -664.353634, 279.059408, 99.101807, 1164.374295, , , , , , , , , , , , , , , , 
#SEGM, 0, , , -669.101339, 281.788314, 98.784546, 1169.850391, , , , , , , , , , , , , , , , 
#SEGM, 0, , , -673.849047, 284.517217, 98.724854, 1175.326489, , , , , , , , , , , , , , , , 
#SEGM, 0, , , -678.696848, 286.836011, 99.124146, 1180.700312, , , , , , , , , , , , , , , , 
#SEGM, 0, , , -683.335643, 289.744713, 99.731812, 1186.175617, , , , , , , , , , , , , , , , 
#SEGM, 0, , , -687.974442, 292.653411, 99.914185, 1191.650924, , , , , , , , , , , , , , , , 
#SEGM, 0, , , -692.613242, 295.562111, 100.256836, 1197.126232, , , , , , , , , , , , , , , , 
#SEGM, 0, , , -697.252041, 298.470815, 100.791260, 1202.601541, , , , , , , , , , , , , , , , 
#SEGM, 0, , , -701.890841, 301.379519, 101.302368, 1208.076852, , , , , , , , , , , , , , , , 
#SEGM, 0, , , -706.529645, 304.288220, 101.319336, 1213.552164, , , , , , , , , , , , , , , , 
#SEGM, 0, , , -711.088588, 307.312029, 101.213013, 1219.022757, , , , , , , , , , , , , , , , 
#SEGM, 0, , , -715.462212, 310.602946, 101.456177, 1224.496213, , , , , , , , , , , , , , , , 
#SEGM, 0, , , -719.835839, 313.893861, 101.777466, 1229.969670, , , , , , , , , , , , , , , , 
#SEGM, 0, , , -724.209469, 317.184773, 102.064697, 1235.443128, , , , , , , , , , , , , , , , 
#SEGM, 0, , , -728.566304, 320.497371, 102.357788, 1240.916273, , , , , , , , , , , , , , , , 
#SEGM, 0, , , -732.873845, 323.873609, 102.660767, 1246.389288, , , , , , , , , , , , , , , , 
#SEGM, 0, , , -737.114697, 327.331520, 102.875000, 1251.861214, , , , , , , , , , , , , , , , 
#SEGM, 0, , , -741.313011, 330.841529, 103.001099, 1257.333508, , , , , , , , , , , , , , , , 
#SEGM, 0, , , -745.511327, 334.351537, 103.064209, 1262.805803, , , , , , , , , , , , , , , , 
#SEGM, 0, , , -749.709648, 337.861542, 103.133545, 1268.278100, , , , , , , , , , , , , , , , 
#SEGM, 0, , , -753.907972, 341.371546, 103.282715, 1273.750398, , , , , , , , , , , , , , , , 
#SEGM, 0, , , -758.106299, 344.881547, 103.436646, 1279.222698, , , , , , , , , , , , , , , , 
#SEGM, 0, , , -762.307084, 348.388628, 103.599731, 1284.695011, , , , , , , , , , , , , , , , 
#SEGM, 0, , , -766.513983, 351.888444, 103.752930, 1290.167370, , , , , , , , , , , , , , , , 
#SEGM, 0, , , -770.720886, 355.388257, 104.008789, 1295.639729, , , , , , , , , , , , , , , , 
#SEGM, 0, , , -774.927792, 358.888068, 104.322876, 1301.112091, , , , , , , , , , , , , , , , 
#SEGM, 0, , , -779.134701, 362.387877, 104.736816, 1306.584453, , , , , , , , , , , , , , , , 
#SEGM, 0, , , -783.341614, 365.887684, 105.212036, 1312.056817, , , , , , , , , , , , , , , , 
#SEGM, 0, , , -787.548531, 369.387489, 105.538086, 1317.529182, , , , , , , , , , , , , , , , 
#SEGM, 0, , , -791.755451, 372.887291, 105.928223, 1323.001549, , , , , , , , , , , , , , , , 
#SEGM, 0, , , -795.962375, 376.387092, 106.285645, 1328.473917, , , , , , , , , , , , , , , , 
#SEGM, 0, , , -800.169302, 379.886890, 106.723877, 1333.946286, , , , , , , , , , , , , , , , 
#SEGM, 0, , , -804.376233, 383.386687, 107.270264, 1339.418657, , , , , , , , , , , , , , , , 
#SEGM, 0, , , -808.583167, 386.886481, 107.905396, 1344.891029, , , , , , , , , , , , , , , , 
#SEGM, 0, , , -812.790105, 390.386273, 108.342041, 1350.363402, , , , , , , , , , , , , , , , 
#SEGM, 0, , , -816.997047, 393.886063, 108.998291, 1355.835777, , , , , , , , , , , , , , , , 
#SEGM, 0, , , -821.203992, 397.385851, 108.864502, 1361.308153, , , , , , , , , , , , , , , , 
#SEGM, 0, , , -825.410940, 400.885637, 108.755859, 1366.780531, , , , , , , , , , , , , , , , 
#SEGM, 0, , , -829.617892, 404.385420, 108.601440, 1372.252910, , , , , , , , , , , , , , , , 
#SEGM, 0, , , -833.824848, 407.885202, 108.491699, 1377.725290, , , , , , , , , , , , , , , , 
#SEGM, 0, , , -838.031807, 411.384981, 108.675781, 1383.197672, , , , , , , , , , , , , , , , 
#SEGM, 0, , , -842.238770, 414.884759, 108.867676, 1388.670055, , , , , , , , , , , , , , , , 
#SEGM, 0, , , -846.445736, 418.384534, 109.030396, 1394.142439, , , , , , , , , , , , , , , , 
#SEGM, 0, , , -850.657677, 421.878156, 109.197266, 1399.614719, , , , , , , , , , , , , , , , 
#SEGM, 0, , , -854.990630, 425.222066, 109.540771, 1405.087946, , , , , , , , , , , , , , , , 
#SEGM, 0, , , -859.323587, 428.565974, 109.956421, 1410.561175, , , , , , , , , , , , , , , , 
#SEGM, 0, , , -863.644091, 431.925724, 110.246216, 1416.034261, , , , , , , , , , , , , , , , 
#SEGM, 0, , , -867.944636, 435.310865, 110.607056, 1421.507274, , , , , , , , , , , , , , , , 
#SEGM, 0, , , -872.245185, 438.696003, 111.054321, 1426.980288, , , , , , , , , , , , , , , , 
#SEGM, 0, , , -876.545737, 442.081140, 111.329224, 1432.453304, , , , , , , , , , , , , , , , 
#SEGM, 0, , , -880.846293, 445.466274, 111.406982, 1437.926321, , , , , , , , , , , , , , , , 
#SEGM, 0, , , -885.146852, 448.851406, 111.489990, 1443.399339, , , , , , , , , , , , , , , , 
#SEGM, 0, , , -889.447415, 452.236536, 111.619385, 1448.872359, , , , , , , , , , , , , , , , 
#SEGM, 0, , , -893.747982, 455.621663, 111.829590, 1454.345380, , , , , , , , , , , , , , , , 
#SEGM, 0, , , -898.048552, 459.006788, 111.958618, 1459.818402, , , , , , , , , , , , , , , , 
#SEGM, 0, , , -902.349125, 462.391912, 112.215210, 1465.291426, , , , , , , , , , , , , , , , 
#SEGM, 0, , , -906.649702, 465.777033, 112.608032, 1470.764451, , , , , , , , , , , , , , , , 
#SEGM, 0, , , -910.950282, 469.162151, 113.079224, 1476.237478, , , , , , , , , , , , , , , , 
#SEGM, 0, , , -915.250866, 472.547268, 113.590454, 1481.710506, , , , , , , , , , , , , , , , 
#SEGM, 0, , , -919.551454, 475.932382, 113.902100, 1487.183535, , , , , , , , , , , , , , , , 
#SEGM, 0, , , -923.852045, 479.317494, 114.220337, 1492.656566, , , , , , , , , , , , , , , , 
#SEGM, 0, , , -928.152639, 482.702604, 114.295532, 1498.129598, , , , , , , , , , , , , , , , 
#SEGM, 0, , , -932.453237, 486.087712, 114.550049, 1503.602632, , , , , , , , , , , , , , , , 
#SEGM, 0, , , -936.753838, 489.472817, 114.944702, 1509.075667, , , , , , , , , , , , , , , , 
#SEGM, 0, , , -941.054443, 492.857921, 115.425049, 1514.548703, , , , , , , , , , , , , , , , 
#SEGM, 0, , , -945.354954, 496.243145, 115.806885, 1520.021740, , , , , , , , , , , , , , , , 
#SEGM, 0, , , -949.653131, 499.631308, 116.356934, 1525.494763, , , , , , , , , , , , , , , , 
#SEGM, 0, , , -953.951312, 503.019470, 116.969482, 1530.967787, , , , , , , , , , , , , , , , 
#SEGM, 0, , , -958.249496, 506.407629, 117.515015, 1536.440813, , , , , , , , , , , , , , , , 
#SEGM, 0, , , -962.547683, 509.795785, 117.958618, 1541.913840, , , , , , , , , , , , , , , , 
#SEGM, 0, , , -966.845875, 513.183940, 118.307251, 1547.386868, , , , , , , , , , , , , , , , 
#SEGM, 0, , , -971.144069, 516.572092, 118.542236, 1552.859898, , , , , , , , , , , , , , , , 
#SEGM, 0, , , -975.442268, 519.960243, 118.577759, 1558.332929, , , , , , , , , , , , , , , , 
#SEGM, 0, , , -979.748303, 523.338509, 118.285767, 1563.806011, , , , , , , , , , , , , , , , 
#SEGM, 0, , , -984.055905, 526.714803, 118.188965, 1569.279109, , , , , , , , , , , , , , , , 
#SEGM, 0, , , -988.363510, 530.091095, 118.284424, 1574.752207, , , , , , , , , , , , , , , , 
#SEGM, 0, , , -992.671119, 533.467385, 118.743042, 1580.225307, , , , , , , , , , , , , , , , 
#SEGM, 0, , , -996.978731, 536.843672, 119.373047, 1585.698408, , , , , , , , , , , , , , , , 
#SEGM, 0, , , -1001.286347, 540.219957, 119.853516, 1591.171511, , , , , , , , , , , , , , , , 
#SEGM, 0, , , -1005.589465, 543.601903, 119.964233, 1596.644571, , , , , , , , , , , , , , , , 
#SEGM, 0, , , -1009.879732, 547.000022, 120.040771, 1602.117560, , , , , , , , , , , , , , , , 
#SEGM, 0, , , -1014.170002, 550.398139, 120.188232, 1607.590550, , , , , , , , , , , , , , , , 
#SEGM, 0, , , -1018.460276, 553.796254, 120.320923, 1613.063541, , , , , , , , , , , , , , , , 
#SEGM, 0, , , -1022.750553, 557.194367, 120.546875, 1618.536534, , , , , , , , , , , , , , , , 
#SEGM, 0, , , -1027.040834, 560.592478, 120.825317, 1624.009528, , , , , , , , , , , , , , , , 
#SEGM, 0, , , -1031.331119, 563.990586, 121.147583, 1629.482524, , , , , , , , , , , , , , , , 
#SEGM, 0, , , -1035.621406, 567.388693, 121.364380, 1634.955521, , , , , , , , , , , , , , , , 
#SEGM, 0, , , -1039.911698, 570.786797, 121.572388, 1640.428519, , , , , , , , , , , , , , , , 
#SEGM, 0, , , -1044.201992, 574.184899, 121.821899, 1645.901519, , , , , , , , , , , , , , , , 
#SEGM, 0, , , -1048.492291, 577.582998, 122.079102, 1651.374520, , , , , , , , , , , , , , , , 
#SEGM, 0, , , -1052.782593, 580.981096, 122.413452, 1656.847523, , , , , , , , , , , , , , , , 
#SEGM, 0, , , -1056.895934, 584.579780, 122.862061, 1662.312877, , , , , , , , , , , , , , , , 
#SEGM, 0, , , -1060.833242, 588.377997, 123.370850, 1667.783604, , , , , , , , , , , , , , , , 
#SEGM, 0, , , -1064.770554, 592.176213, 123.536011, 1673.254333, , , , , , , , , , , , , , , , 
#SEGM, 0, , , -1068.664105, 596.018532, 123.694946, 1678.724539, , , , , , , , , , , , , , , , 
#SEGM, 0, , , -1072.824485, 599.532882, 123.843506, 1684.170585, , , , , , , , , , , , , , , , 
#SEGM, 0, , , -1077.375238, 602.576609, 124.021118, 1689.645402, , , , , , , , , , , , , , , , 
#SEGM, 0, , , -1081.925994, 605.620334, 124.673340, 1695.120221, , , , , , , , , , , , , , , , 
#SEGM, 0, , , -1086.050621, 609.160131, 125.247925, 1700.555541, , , , , , , , , , , , , , , , 
#SEGM, 0, , , -1089.776039, 613.164661, 125.176514, 1706.025002, , , , , , , , , , , , , , , , 
#SEGM, 0, , , -1093.501457, 617.169193, 124.988525, 1711.494464, , , , , , , , , , , , , , , , 
#SEGM, 0, , , -1097.166571, 621.225241, 124.476929, 1716.961145, , , , , , , , , , , , , , , , 
#SEGM, 0, , , -1100.575430, 625.500205, 123.816895, 1722.428835, , , , , , , , , , , , , , , , 
#SEGM, 0, , , -1103.984289, 629.775170, 123.367554, 1727.896526, , , , , , , , , , , , , , , , 
#SEGM, 0, , , -1107.216286, 634.173775, 122.944458, 1733.354871, , , , , , , , , , , , , , , , 
#SEGM, 0, , , -1110.096726, 638.818145, 122.538696, 1738.819951, , , , , , , , , , , , , , , , 
#SEGM, 0, , , -1112.934864, 643.487132, 122.199097, 1744.283876, , , , , , , , , , , , , , , , 
#SEGM, 0, , , -1115.585376, 648.265309, 121.883057, 1749.747957, , , , , , , , , , , , , , , , 
#SEGM, 0, , , -1118.235891, 653.043485, 121.596802, 1755.212039, , , , , , , , , , , , , , , , 
#SEGM, 0, , , -1120.886409, 657.821660, 121.322754, 1760.676122, , , , , , , , , , , , , , , , 
#SEGM, 0, , , -1123.536930, 662.599834, 121.057983, 1766.140206, , , , , , , , , , , , , , , , 
#SEGM, 0, , , -1126.187454, 667.378007, 120.791382, 1771.604290, , , , , , , , , , , , , , , , 
#SEGM, 0, , , -1128.715638, 672.221092, 120.514526, 1777.067548, , , , , , , , , , , , , , , , 
#SEGM, 0, , , -1131.220801, 677.076393, 120.247314, 1782.531044, , , , , , , , , , , , , , , , 
#SEGM, 0, , , -1133.725968, 681.931692, 119.984497, 1787.994540, , , , , , , , , , , , , , , , 
#SEGM, 0, , , -1136.231137, 686.786991, 119.734009, 1793.458037, , , , , , , , , , , , , , , , 
#SEGM, 0, , , -1139.094934, 691.440725, 119.545044, 1798.922337, , , , , , , , , , , , , , , , 
#SEGM, 0, , , -1141.975380, 696.085103, 119.390381, 1804.387428, , , , , , , , , , , , , , , , 
#SEGM, 0, , , -1144.601640, 700.874395, 119.239014, 1809.849530, , , , , , , , , , , , , , , , 
#SEGM, 0, , , -1147.166299, 705.698807, 119.117920, 1815.313267, , , , , , , , , , , , , , , , 
#SEGM, 0, , , -1150.069089, 710.323388, 119.080811, 1820.773390, , , , , , , , , , , , , , , , 
#SEGM, 0, , , -1153.299664, 714.712634, 119.134277, 1826.223353, , , , , , , , , , , , , , , , 
#SEGM, 0, , , -1157.081272, 718.664649, 119.307617, 1831.693177, , , , , , , , , , , , , , , , 
#SEGM, 0, , , -1160.539529, 722.896843, 119.459106, 1837.158615, , , , , , , , , , , , , , , , 
#SEGM, 0, , , -1163.948404, 727.171827, 119.628296, 1842.626331, , , , , , , , , , , , , , , , 
#SEGM, 0, , , -1167.869594, 730.924371, 119.896240, 1848.053790, , , , , , , , , , , , , , , , 
#SEGM, 0, , , -1172.243361, 734.215393, 120.252563, 1853.527424, , , , , , , , , , , , , , , , 
#SEGM, 0, , , -1176.617132, 737.506412, 120.623291, 1859.001059, , , , , , , , , , , , , , , , 
#SEGM, 0, , , -1181.361899, 739.717181, 121.102173, 1864.235590, , , , , , , , , , , , , , , , 
#SEGM, 0, , , -1185.811504, 742.905831, 121.521240, 1869.709754, , , , , , , , , , , , , , , , 
#SEGM, 0, , , -1190.937618, 744.646092, 122.112915, 1875.123214, , , , , , , , , , , , , , , , 
#SEGM, 0, , , -1196.256996, 745.966143, 122.766357, 1880.603937, , , , , , , , , , , , , , , , 
#SEGM, 0, , , -1201.600901, 747.184627, 123.447144, 1886.084996, , , , , , , , , , , , , , , , 
#SEGM, 0, , , -1206.936643, 748.436915, 124.143311, 1891.565724, , , , , , , , , , , , , , , , 
#SEGM, 0, , , -1212.252807, 749.770289, 124.850098, 1897.046553, , , , , , , , , , , , , , , , 
#SEGM, 0, , , -1217.659635, 750.572195, 125.608154, 1902.512524, , , , , , , , , , , , , , , , 
#SEGM, 0, , , -1223.119823, 751.061305, 126.460693, 1907.994574, , , , , , , , , , , , , , , , 
#SEGM, 0, , , -1228.580011, 751.550412, 127.343384, 1913.476625, , , , , , , , , , , , , , , , 
#SEGM, 0, , , -1234.040200, 752.039515, 128.164062, 1918.958677, , , , , , , , , , , , , , , , 
#SEGM, 0, , , -1239.425503, 752.749272, 128.634277, 1924.390549, , , , , , , , , , , , , , , , 
#SEGM, 0, , , -1244.653408, 753.864262, 128.944946, 1929.736033, , , , , , , , , , , , , , , , 
#SEGM, 0, , , -1250.122279, 754.245284, 129.282715, 1935.218161, , , , , , , , , , , , , , , , 
#SEGM, 0, , , -1255.591149, 754.626302, 129.614136, 1940.700288, , , , , , , , , , , , , , , , 
#SEGM, 0, , , -1261.001637, 755.473937, 129.981812, 1946.176770, , , , , , , , , , , , , , , , 
#SEGM, 0, , , -1266.397234, 756.440577, 130.569092, 1951.658273, , , , , , , , , , , , , , , , 
#SEGM, 0, , , -1271.727162, 757.685916, 131.698486, 1957.131755, , , , , , , , , , , , , , , , 
#SEGM, 0, , , -1276.991543, 759.209438, 133.118286, 1962.612158, , , , , , , , , , , , , , , , 
#SEGM, 0, , , -1282.159134, 760.987401, 134.439087, 1968.077060, , , , , , , , , , , , , , , , 
#SEGM, 0, , , -1287.116263, 763.318630, 135.958984, 1973.554993, , , , , , , , , , , , , , , , 
#SEGM, 0, , , -1291.623343, 766.410199, 137.177612, 1979.020481, , , , , , , , , , , , , , , , 
#SEGM, 0, , , -1295.782278, 769.937959, 138.020264, 1984.474089, , , , , , , , , , , , , , , , 
#SEGM, 0, , , -1299.486163, 773.952029, 137.909180, 1989.935913, , , , , , , , , , , , , , , , 
#SEGM, 0, , , -1302.794380, 778.300763, 136.533447, 1995.399959, , , , , , , , , , , , , , , , 
#SEGM, 0, , , -1305.878754, 782.813471, 135.583008, 2000.866026, , , , , , , , , , , , , , , , 
#SEGM, 0, , , -1308.480841, 787.595873, 134.288086, 2006.310493, , , , , , , , , , , , , , , , 
#SEGM, 0, , , -1310.739634, 792.569399, 134.750122, 2011.772920, , , , , , , , , , , , , , , , 
#SEGM, 0, , , -1312.762404, 797.642810, 135.144165, 2017.234706, , , , , , , , , , , , , , , , 
#SEGM, 0, , , -1314.785175, 802.716222, 135.461060, 2022.696492, , , , , , , , , , , , , , , , 
#SEGM, 0, , , -1315.147435, 808.107918, 135.339478, 2028.100344, , , , , , , , , , , , , , , , 
#SEGM, 0, , , -1315.997621, 813.456350, 135.322266, 2033.515928, , , , , , , , , , , , , , , , 
#SEGM, 0, , , -1315.997621, 818.914901, 135.186401, 2038.974479, , , , , , , , , , , , , , , , 
#SEGM, 0, , , -1315.912468, 824.369256, 135.110229, 2044.429497, , , , , , , , , , , , , , , , 
#SEGM, 0, , , -1315.371047, 829.801122, 135.059570, 2049.888280, , , , , , , , , , , , , , , , 
#SEGM, 0, , , -1314.789679, 835.228760, 135.073120, 2055.346965, , , , , , , , , , , , , , , , 
#SEGM, 0, , , -1314.227617, 840.655675, 135.275146, 2060.802909, , , , , , , , , , , , , , , , 
#SEGM, 0, , , -1314.227617, 846.114226, 135.551147, 2066.261460, , , , , , , , , , , , , , , , 
#SEGM, 0, , , -1313.122059, 851.443493, 135.358032, 2071.704193, , , , , , , , , , , , , , , , 
#SEGM, 0, , , -1311.851797, 856.753500, 135.317627, 2077.164022, , , , , , , , , , , , , , , , 
#SEGM, 0, , , -1311.090560, 862.152271, 135.698486, 2082.616197, , , , , , , , , , , , , , , , 
#SEGM, 0, , , -1310.316373, 867.551813, 136.137695, 2088.070959, , , , , , , , , , , , , , , , 
#SEGM, 0, , , -1309.249031, 872.905916, 136.121460, 2093.530413, , , , , , , , , , , , , , , , 
#SEGM, 0, , , -1307.659799, 878.117560, 135.888428, 2098.978981, , , , , , , , , , , , , , , , 
#SEGM, 0, , , -1305.835527, 883.265046, 135.674805, 2104.440169, , , , , , , , , , , , , , , , 
#SEGM, 0, , , -1304.327082, 888.509451, 135.910522, 2109.897200, , , , , , , , , , , , , , , , 
#SEGM, 0, , , -1302.622437, 893.687242, 136.079102, 2115.348377, , , , , , , , , , , , , , , , 
#SEGM, 0, , , -1299.786967, 898.297772, 135.662598, 2120.761037, , , , , , , , , , , , , , , , 
#SEGM, 0, , , -1296.761915, 902.850143, 135.157471, 2126.226841, , , , , , , , , , , , , , , , 
#SEGM, 0, , , -1293.209707, 906.975422, 134.866455, 2131.670747, , , , , , , , , , , , , , , , 
#SEGM, 0, , , -1289.347871, 910.849848, 134.810059, 2137.141118, , , , , , , , , , , , , , , , 
#SEGM, 0, , , -1285.486034, 914.724275, 134.851074, 2142.611489, , , , , , , , , , , , , , , , 
#SEGM, 0, , , -1281.493457, 918.441613, 135.026123, 2148.066696, , , , , , , , , , , , , , , , 
#SEGM, 0, , , -1276.952422, 921.499952, 135.303711, 2153.541587, , , , , , , , , , , , , , , , 
#SEGM, 0, , , -1272.411384, 924.558289, 135.825806, 2159.016480, , , , , , , , , , , , , , , , 
#SEGM, 0, , , -1267.870342, 927.616623, 136.388184, 2164.491375, , , , , , , , , , , , , , , , 
#SEGM, 0, , , -1263.329296, 930.674954, 136.666626, 2169.966271, , , , , , , , , , , , , , , , 
#SEGM, 0, , , -1258.788248, 933.733284, 136.935791, 2175.441168, , , , , , , , , , , , , , , , 
#SEGM, 0, , , -1254.247196, 936.791610, 136.835327, 2180.916066, , , , , , , , , , , , , , , , 
#SEGM, 0, , , -1249.706140, 939.849934, 136.847778, 2186.390966, , , , , , , , , , , , , , , , 
#SEGM, 0, , , -1245.165082, 942.908256, 137.318359, 2191.865868, , , , , , , , , , , , , , , , 
#SEGM, 0, , , -1240.624020, 945.966575, 137.772095, 2197.340771, , , , , , , , , , , , , , , , 
#SEGM, 0, , , -1236.082954, 949.024892, 138.222290, 2202.815675, , , , , , , , , , , , , , , , 
#SEGM, 0, , , -1231.542182, 952.083643, 138.604736, 2208.290579, , , , , , , , , , , , , , , , 
#SEGM, 0, , , -1227.001554, 955.142608, 138.732666, 2213.765482, , , , , , , , , , , , , , , , 
#SEGM, 0, , , -1222.460922, 958.201571, 139.033325, 2219.240388, , , , , , , , , , , , , , , , 
#SEGM, 0, , , -1217.920287, 961.260531, 139.721924, 2224.715294, , , , , , , , , , , , , , , , 
#SEGM, 0, , , -1213.379649, 964.319488, 140.497314, 2230.190202, , , , , , , , , , , , , , , , 
#SEGM, 0, , , -1208.839007, 967.378443, 140.944702, 2235.665112, , , , , , , , , , , , , , , , 
#SEGM, 0, , , -1204.298362, 970.437396, 141.309570, 2241.140023, , , , , , , , , , , , , , , , 
#SEGM, 0, , , -1199.757714, 973.496346, 141.750854, 2246.614935, , , , , , , , , , , , , , , , 
#SEGM, 0, , , -1195.217062, 976.555294, 142.174316, 2252.089849, , , , , , , , , , , , , , , , 
#SEGM, 0, , , -1190.676407, 979.614239, 142.240356, 2257.564764, , , , , , , , , , , , , , , , 
#SEGM, 0, , , -1186.135748, 982.673182, 142.200439, 2263.039680, , , , , , , , , , , , , , , , 
#SEGM, 0, , , -1181.595086, 985.732122, 142.087036, 2268.514598, , , , , , , , , , , , , , , , 
#SEGM, 0, , , -1177.054421, 988.791060, 142.179199, 2273.989517, , , , , , , , , , , , , , , , 
#SEGM, 0, , , -1172.513753, 991.849996, 142.146606, 2279.464438, , , , , , , , , , , , , , , , 
#SEGM, 0, , , -1167.973081, 994.908928, 141.988281, 2284.939360, , , , , , , , , , , , , , , , 
#SEGM, 0, , , -1163.432406, 997.967859, 141.773071, 2290.414283, , , , , , , , , , , , , , , , 
#SEGM, 0, , , -1158.891727, 1001.026787, 141.647827, 2295.889208, , , , , , , , , , , , , , , , 
#SEGM, 0, , , -1154.351046, 1004.085713, 141.562622, 2301.364134, , , , , , , , , , , , , , , , 
#SEGM, 0, , , -1149.810360, 1007.144636, 141.381836, 2306.839062, , , , , , , , , , , , , , , , 
#SEGM, 0, , , -1145.269672, 1010.203556, 141.102661, 2312.313991, , , , , , , , , , , , , , , , 
#SEGM, 0, , , -1140.728980, 1013.262474, 140.736328, 2317.788921, , , , , , , , , , , , , , , , 
#SEGM, 0, , , -1136.188285, 1016.321390, 141.059448, 2323.263853, , , , , , , , , , , , , , , , 
#SEGM, 0, , , -1131.647586, 1019.380303, 141.739502, 2328.738787, , , , , , , , , , , , , , , , 
#SEGM, 0, , , -1127.125320, 1022.464467, 141.927490, 2334.212629, , , , , , , , , , , , , , , , 
#SEGM, 0, , , -1122.801850, 1025.820923, 142.083862, 2339.686037, , , , , , , , , , , , , , , , 
#SEGM, 0, , , -1118.478376, 1029.177377, 143.022827, 2345.159446, , , , , , , , , , , , , , , , 
#SEGM, 0, , , -1114.154899, 1032.533829, 143.959229, 2350.632857, , , , , , , , , , , , , , , , 
#SEGM, 0, , , -1109.831418, 1035.890278, 144.727051, 2356.106269, , , , , , , , , , , , , , , , 
#SEGM, 0, , , -1105.702757, 1039.478216, 145.233765, 2361.576108, , , , , , , , , , , , , , , , 
#SEGM, 0, , , -1101.720298, 1043.223276, 145.717651, 2367.042867, , , , , , , , , , , , , , , , 
#SEGM, 0, , , -1097.994790, 1047.227903, 146.096802, 2372.512460, , , , , , , , , , , , , , , , 
#SEGM, 0, , , -1094.269282, 1051.232531, 146.003052, 2377.982054, , , , , , , , , , , , , , , , 
#SEGM, 0, , , -1090.543773, 1055.237159, 146.005493, 2383.451649, , , , , , , , , , , , , , , , 
#SEGM, 0, , , -1087.557652, 1059.809007, 146.005981, 2388.912299, , , , , , , , , , , , , , , , 
#SEGM, 0, , , -1085.046455, 1064.652504, 146.091675, 2394.368083, , , , , , , , , , , , , , , , 
#SEGM, 0, , , -1082.688703, 1069.580500, 146.162231, 2399.831062, , , , , , , , , , , , , , , , 
#SEGM, 0, , , -1080.714959, 1074.655453, 146.120483, 2405.276318, , , , , , , , , , , , , , , , 
#SEGM, 0, , , -1079.150574, 1079.887066, 145.927856, 2410.736820, , , , , , , , , , , , , , , , 
#SEGM, 0, , , -1077.586190, 1085.118680, 145.850952, 2416.197321, , , , , , , , , , , , , , , , 
#SEGM, 0, , , -1076.053345, 1090.358520, 145.873047, 2421.656766, , , , , , , , , , , , , , , , 
#SEGM, 0, , , -1074.840541, 1095.681835, 146.020752, 2427.116489, , , , , , , , , , , , , , , , 
#SEGM, 0, , , -1074.050894, 1101.073569, 146.265991, 2432.565740, , , , , , , , , , , , , , , , 
#SEGM, 0, , , -1073.509472, 1106.505437, 146.515015, 2438.024525, , , , , , , , , , , , , , , , 
#SEGM, 0, , , -1073.507138, 1111.963873, 146.641113, 2443.482962, , , , , , , , , , , , , , , , 
#SEGM, 0, , , -1073.507138, 1117.422424, 146.972900, 2448.941512, , , , , , , , , , , , , , , , 
#SEGM, 0, , , -1073.507138, 1122.880975, 147.505859, 2454.400063, , , , , , , , , , , , , , , , 
#SEGM, 0, , , -1073.507138, 1128.339526, 147.853760, 2459.858614, , , , , , , , , , , , , , , , 
#SEGM, 0, , , -1073.433675, 1133.797402, 147.891968, 2465.316984, , , , , , , , , , , , , , , , 
#SEGM, 0, , , -1073.332468, 1139.255023, 147.737915, 2470.775544, , , , , , , , , , , , , , , , 
#SEGM, 0, , , -1073.231261, 1144.712643, 147.698364, 2476.234103, , , , , , , , , , , , , , , , 
#SEGM, 0, , , -1073.130054, 1150.170264, 147.748657, 2481.692662, , , , , , , , , , , , , , , , 
#SEGM, 0, , , -1073.028847, 1155.627885, 147.838379, 2487.151221, , , , , , , , , , , , , , , , 
#SEGM, 0, , , -1072.927640, 1161.085506, 147.701782, 2492.609780, , , , , , , , , , , , , , , , 
#SEGM, 0, , , -1072.826432, 1166.543126, 147.284424, 2498.068339, , , , , , , , , , , , , , , , 
#SEGM, 0, , , -1072.725225, 1172.000747, 146.698608, 2503.526898, , , , , , , , , , , , , , , , 
#SEGM, 0, , , -1072.624017, 1177.458368, 146.216797, 2508.985457, , , , , , , , , , , , , , , , 
#SEGM, 0, , , -1072.622136, 1182.916902, 145.870483, 2514.443991, , , , , , , , , , , , , , , , 
#SEGM, 0, , , -1072.622136, 1188.375453, 145.599609, 2519.902542, , , , , , , , , , , , , , , , 
#SEGM, 0, , , -1072.622136, 1193.834003, 145.494873, 2525.361093, , , , , , , , , , , , , , , , 
#SEGM, 0, , , -1072.622136, 1199.292554, 145.455566, 2530.819644, , , , , , , , , , , , , , , , 
#SEGM, 0, , , -1072.622136, 1204.751105, 145.486084, 2536.278195, , , , , , , , , , , , , , , , 
#SEGM, 0, , , -1072.888325, 1210.196538, 145.687134, 2541.730130, , , , , , , , , , , , , , , , 
#SEGM, 0, , , -1073.429747, 1215.628407, 146.015015, 2547.188915, , , , , , , , , , , , , , , , 
#SEGM, 0, , , -1074.123513, 1221.042720, 146.318359, 2552.647495, , , , , , , , , , , , , , , , 
#SEGM, 0, , , -1074.779207, 1226.461869, 146.388306, 2558.106169, , , , , , , , , , , , , , , , 
#SEGM, 0, , , -1075.429160, 1231.881530, 146.494629, 2563.564663, , , , , , , , , , , , , , , , 
#SEGM, 0, , , -1076.212433, 1237.284087, 146.667603, 2569.023705, , , , , , , , , , , , , , , , 
#SEGM, 0, , , -1076.995706, 1242.686644, 146.862183, 2574.482747, , , , , , , , , , , , , , , , 
#SEGM, 0, , , -1077.668192, 1248.103896, 147.052612, 2579.941580, , , , , , , , , , , , , , , , 
#SEGM, 0, , , -1078.332891, 1253.522182, 147.232056, 2585.400485, , , , , , , , , , , , , , , , 
#SEGM, 0, , , -1079.106894, 1258.923046, 147.427490, 2590.856529, , , , , , , , , , , , , , , , 
#SEGM, 0, , , -1080.174236, 1264.277159, 147.629883, 2596.315993, , , , , , , , , , , , , , , , 
#SEGM, 0, , , -1081.241580, 1269.631271, 147.787964, 2601.775456, , , , , , , , , , , , , , , , 
#SEGM, 0, , , -1082.571757, 1274.924853, 147.984619, 2607.233604, , , , , , , , , , , , , , , , 
#SEGM, 0, , , -1083.974359, 1280.201756, 148.207520, 2612.693732, , , , , , , , , , , , , , , , 
#SEGM, 0, , , -1085.160968, 1285.530365, 148.454956, 2618.152863, , , , , , , , , , , , , , , , 
#SEGM, 0, , , -1086.321171, 1290.865296, 148.607422, 2623.612493, , , , , , , , , , , , , , , , 
#SEGM, 0, , , -1087.698620, 1296.145657, 148.644165, 2629.069560, , , , , , , , , , , , , , , , 
#SEGM, 0, , , -1089.219302, 1301.390040, 148.248901, 2634.529965, , , , , , , , , , , , , , , , 
#SEGM, 0, , , -1090.778097, 1306.622922, 147.515747, 2639.990084, , , , , , , , , , , , , , , , 
#SEGM, 0, , , -1092.271091, 1311.864674, 147.482422, 2645.440313, , , , , , , , , , , , , , , , 
#SEGM, 0, , , -1092.977177, 1317.267762, 147.676636, 2650.889342, , , , , , , , , , , , , , , , 
#SEGM, 0, , , -1092.977177, 1322.726313, 147.896484, 2656.347893, , , , , , , , , , , , , , , , 
#SEGM, 0, , , -1092.773106, 1328.158435, 148.412231, 2661.783847, , , , , , , , , , , , , , , , 
#SEGM, 0, , , -1092.092175, 1333.528801, 149.007446, 2667.197210, , , , , , , , , , , , , , , , 
#SEGM, 0, , , -1090.673748, 1338.717315, 149.443848, 2672.576114, , , , , , , , , , , , , , , , 
#SEGM, 0, , , -1089.440340, 1344.022649, 149.662842, 2678.022935, , , , , , , , , , , , , , , , 
#SEGM, 0, , , -1086.880086, 1348.848716, 149.330078, 2683.486069, , , , , , , , , , , , , , , , 
#SEGM, 0, , , -1083.794679, 1353.334376, 148.982666, 2688.930413, , , , , , , , , , , , , , , , 
#SEGM, 0, , , -1080.968369, 1357.988638, 148.628540, 2694.375611, , , , , , , , , , , , , , , , 
#SEGM, 0, , , -1077.559394, 1362.263749, 148.214355, 2699.843489, , , , , , , , , , , , , , , , 
#SEGM, 0, , , -1073.853316, 1366.241854, 147.874634, 2705.280430, , , , , , , , , , , , , , , , 
#SEGM, 0, , , -1069.545440, 1369.618354, 147.539062, 2710.753870, , , , , , , , , , , , , , , , 
#SEGM, 0, , , -1065.009919, 1372.673655, 147.500610, 2716.222492, , , , , , , , , , , , , , , , 
#SEGM, 0, , , -1060.370688, 1375.582627, 147.523071, 2721.698310, , , , , , , , , , , , , , , , 
#SEGM, 0, , , -1055.657728, 1378.365897, 147.231079, 2727.171753, , , , , , , , , , , , , , , , 
#SEGM, 0, , , -1050.806939, 1380.904311, 146.973511, 2732.646576, , , , , , , , , , , , , , , , 
#SEGM, 0, , , -1045.735233, 1382.968086, 146.843262, 2738.122102, , , , , , , , , , , , , , , , 
#SEGM, 0, , , -1040.392534, 1384.168267, 146.984985, 2743.597945, , , , , , , , , , , , , , , , 
#SEGM, 0, , , -1034.962796, 1384.924856, 147.175903, 2749.080142, , , , , , , , , , , , , , , , 
#SEGM, 0, , , -1029.492619, 1385.103316, 147.358765, 2754.553229, , , , , , , , , , , , , , , , 
#SEGM, 0, , , -1024.009960, 1385.103316, 147.242798, 2760.035888, , , , , , , , , , , , , , , , 
#SEGM, 0, , , -1018.530020, 1385.030136, 146.889038, 2765.516317, , , , , , , , , , , , , , , , 
#SEGM, 0, , , -1013.062349, 1384.626794, 146.461426, 2770.998845, , , , , , , , , , , , , , , , 
#SEGM, 0, , , -1007.594679, 1384.223448, 146.361450, 2776.481372, , , , , , , , , , , , , , , , 
#SEGM, 0, , , -1002.128831, 1383.797140, 146.372192, 2781.963819, , , , , , , , , , , , , , , , 
#SEGM, 0, , , -996.665402, 1383.340371, 146.404907, 2787.446309, , , , , , , , , , , , , , , , 
#SEGM, 0, , , -991.201974, 1382.883599, 146.461182, 2792.928799, , , , , , , , , , , , , , , , 
#PATH, 0, Path_1, 0, , , , , 0.000000, , , , , , , , , , , , , , , 0
#, , , , , , , , , , , , , , , , , , , , , , , 
#ENDTABLE

! Table Columns:
!   NOTE: Label columns are not written to parsfile.
!
! 0: (Ring) Choose Yes to set a custom Path ID
! 1: (Text) Path ID (if active; ignored otherwise)  Specify an integer 999 or greater to identify this reference path. If a path already exists with this ID, then information from this dataset will override the properties of the existing path. If not, a new one will be added to the model.
! 2: (Text) Path Description
! 3: (Text) Starting Station for path
! 4: (Text) Ending Station for path (calculated)
! 5: (Text) Path Length (calculated)
! 6: (Text) Start X location (Global Coordinates)
! 7: (Text) Start Y location (Global Coordinates)
! 8: (Ring) Choose Yes to set path as looped.
#MIXTABLE1
#NUMROWS 1
#No, 1000, Path_1, 0, 2792.929, 2792.929, 0.000, 0.000, No
#ENDTABLE

#EMBEDDED_NOTES
#This dataset was made from Atlas.
#CA-41
#Origin: 37.4365849, -119.6386839
#Destination: 37.4490408, -119.6499012
#END_EMBEDDED_NOTES

LOG_ENTRY Used Dataset: Scene: External Import; { ADAS RP } Atlas: Hilly Scenic Route
#Library : Scene: External Import
#DataSet : Atlas: Hilly Scenic Route
#Category: ADAS RP
#FileID  : SceneImp_01f1db65-63d9-4cd6-9e8b-7f9c8f2ecc4d
#Modified: 05-28-2021 14:59:52
#Product : CarSim 2024.1
#DataVer : 2024.1
#VehCode External Path Import

END
