PARSFILE
#FullDataName Tire: Lateral Force`Scaled Fy, basis 215/55 R17 touring tire`Normalized Tires
#CheckBox0 1    

#MiscYellow0
fy_tire_gain = FZ_REF
fz_scale_fy_tire = FZ_REF
alpha_scale_fy_tire = FZ_REF
#ENDMYellow

#RingCtrl0 CARPET_FROM_ZERO
#RadioCtrl0 0    
#RadioCtrl1 0    

*3D_XLabel Vertical load (N)
*3D_YLabel Abs. slip angle [Alpha] (deg)
*3D_ZLabel Abs. lateral tire force Fy (N)

#DiagramTwo0
*3D_DATA 8, 51 ! columns x rows
FY_TIRE_CARPET 2D_FROM_ZERO
0, 0.245166154, 0.490332308, 0.735498462, 0.980664615, 1.225830769, 1.470996923, 1.716163077, 1.961330769
7.69231e-05, 0.038166154, 0.074384615, 0.108378462, 0.140004615, 0.169184615, 0.195869231, 0.22004, 0.241692308
0.000153846, 0.074769231, 0.145806154, 0.212570769, 0.274783077, 0.332278462, 0.384955385, 0.432764615, 0.475689231
0.000230769, 0.108450769, 0.211676923, 0.308907692, 0.399732308, 0.483892308, 0.561227692, 0.631638462, 0.695078462
0.000307692, 0.138224615, 0.270101538, 0.394669231, 0.511396923, 0.619935385, 0.720044615, 0.811569231, 0.894409231
0.000384615, 0.163566154, 0.320044615, 0.468326154, 0.607776923, 0.737958462, 0.858556923, 0.969338462, 1.070138462
0.000461538, 0.184406154, 0.361318462, 0.529533846, 0.688333846, 0.837209231, 0.975763077, 1.103690769, 1.220753846
0.000538462, 0.201023077, 0.394413846, 0.578915385, 0.753753846, 0.918355385, 1.072263077, 1.215103077, 1.346561538
0.000615385, 0.213916923, 0.420250769, 0.617724615, 0.805530769, 0.983056923, 1.149793846, 1.305312308, 1.449238462
0.000692308, 0.223678462, 0.439941538, 0.647512308, 0.845576923, 1.033495385, 1.210729231, 1.376807692, 1.531309231
0.000769231, 0.230895385, 0.454603077, 0.669870769, 0.875884615, 1.071998462, 1.257656923, 1.432363077, 1.595664615
0.000846154, 0.236098462, 0.46526, 0.686266154, 0.89832, 1.100775385, 1.293073846, 1.474709231, 1.645209231
0.000923077, 0.239735385, 0.472786154, 0.697972308, 0.914516923, 1.121787692, 1.319229231, 1.506333846, 1.682626154
0.001, 0.242172308, 0.4779, 0.706041538, 0.925844615, 1.136692308, 1.338041538, 1.529395385, 1.710276923
0.001076923, 0.2437, 0.481173846, 0.71132, 0.933409231, 1.146846154, 1.351104615, 1.545695385, 1.730153846
0.001153846, 0.244544615, 0.483056923, 0.714473846, 0.938093846, 1.153338462, 1.3597, 1.556706154, 1.743904615
0.001230769, 0.244876923, 0.483895385, 0.716026154, 0.940587692, 1.157026154, 1.364852308, 1.563609231, 1.75286
0.001307692, 0.244830769, 0.483955385, 0.716373846, 0.941427692, 1.158583077, 1.367366154, 1.567341538, 1.758086154
0.001384615, 0.244506154, 0.48344, 0.715826154, 0.941027692, 1.158527692, 1.367872308, 1.56864, 1.760427692
0.001461538, 0.243981538, 0.482503077, 0.714616923, 0.939704615, 1.157264615, 1.36686, 1.568084615, 1.760553846
0.001538462, 0.243310769, 0.481261538, 0.712926154, 0.937701538, 1.155103077, 1.364706154, 1.566124615, 1.758984615
0.001615385, 0.242538462, 0.479804615, 0.710890769, 0.935206154, 1.152281538, 1.361709231, 1.563110769, 1.756132308
0.001692308, 0.241698462, 0.4782, 0.708612308, 0.93236, 1.148986154, 1.358092308, 1.559316923, 1.752316923
0.001769231, 0.240815385, 0.476498462, 0.706173846, 0.929275385, 1.145356923, 1.354033846, 1.554953846, 1.747790769
0.001846154, 0.239907692, 0.474738462, 0.703630769, 0.926030769, 1.141501538, 1.349667692, 1.550187692, 1.742746154
0.001923077, 0.238987692, 0.472949231, 0.701032308, 0.922693846, 1.137504615, 1.345098462, 1.545146154, 1.73734
0.002, 0.238066154, 0.471150769, 0.698410769, 0.919309231, 1.133427692, 1.340407692, 1.539927692, 1.731689231
0.002076923, 0.237152308, 0.469361538, 0.695792308, 0.915915385, 1.12932, 1.335655385, 1.534607692, 1.725886154
0.002153846, 0.236250769, 0.467590769, 0.693195385, 0.91254, 1.12522, 1.330889231, 1.529246154, 1.720003077
0.002230769, 0.235364615, 0.465849231, 0.690633846, 0.909201538, 1.121152308, 1.326146154, 1.523886154, 1.714095385
0.002307692, 0.234498462, 0.464143077, 0.68812, 0.905916923, 1.117138462, 1.321452308, 1.518564615, 1.708206154
0.002384615, 0.233653846, 0.462475385, 0.685658462, 0.902695385, 1.113193846, 1.316826154, 1.513306154, 1.702367692
0.002461538, 0.232830769, 0.460850769, 0.683255385, 0.899544615, 1.109327692, 1.312284615, 1.508129231, 1.696604615
0.002538462, 0.232030769, 0.459269231, 0.680915385, 0.896469231, 1.105550769, 1.307836923, 1.503049231, 1.690933846
0.002615385, 0.231253846, 0.457732308, 0.678636923, 0.893475385, 1.101864615, 1.303490769, 1.498075385, 1.685372308
0.002692308, 0.2305, 0.45624, 0.676424615, 0.890561538, 1.098273846, 1.299249231, 1.493215385, 1.679926154
0.002769231, 0.229770769, 0.454792308, 0.674273846, 0.887729231, 1.09478, 1.295116923, 1.488472308, 1.674603077
0.002846154, 0.229063077, 0.453387692, 0.672189231, 0.884976923, 1.091381538, 1.291095385, 1.483849231, 1.669406154
0.002923077, 0.228376923, 0.452027692, 0.670164615, 0.882306154, 1.08808, 1.287181538, 1.479347692, 1.66434
0.003, 0.227713846, 0.450707692, 0.668203077, 0.879713846, 1.084873846, 1.283378462, 1.474966154, 1.659401538
0.003076923, 0.227070769, 0.449430769, 0.6663, 0.877198462, 1.08176, 1.27968, 1.470703077, 1.654593846
0.003153846, 0.226447692, 0.448192308, 0.664455385, 0.874758462, 1.078736923, 1.276089231, 1.466558462, 1.649913846
0.003230769, 0.225843077, 0.446992308, 0.662667692, 0.872392308, 1.075801538, 1.272598462, 1.462527692, 1.64536
0.003307692, 0.225258462, 0.445829231, 0.660932308, 0.870095385, 1.072952308, 1.269209231, 1.458610769, 1.640929231
0.003384615, 0.224692308, 0.444701538, 0.659250769, 0.867866154, 1.070186154, 1.265915385, 1.454801538, 1.63662
0.003461538, 0.224143077, 0.443607692, 0.657618462, 0.865703077, 1.0675, 1.262716923, 1.4511, 1.632427692
0.003538462, 0.223610769, 0.442546154, 0.656035385, 0.863604615, 1.064892308, 1.259607692, 1.447501538, 1.628349231
0.003615385, 0.223093846, 0.441518462, 0.6545, 0.861566154, 1.062358462, 1.256587692, 1.444001538, 1.624381538
0.003692308, 0.222593846, 0.440518462, 0.653007692, 0.859586154, 1.059896923, 1.253650769, 1.440598462, 1.62052
0.003769231, 0.222106154, 0.439549231, 0.651558462, 0.857663077, 1.057506154, 1.250796923, 1.437289231, 1.616763077
0.003846154, 0.221635385, 0.438607692, 0.650150769, 0.855793846, 1.05518, 1.248021538, 1.434067692, 1.613106154
0.004, 0.221635385, 0.438607692, 0.650150769, 0.855793846, 1.05518, 1.248021538, 1.434067692, 1.613106154
ENDTABLE

MU_REF_Y 1.0


#EMBEDDED_NOTES
#Reference load for the source data tire: 6500 N
#
#Scaling tire data is one way to estimate properties of a tire of a different size compared to the source data but of the same construction.
#
#By scaling the data in all dimensions, the linear-range performance (e.g., cornering stiffness) of the tire is the same as the original.
#END_EMBEDDED_NOTES

LOG_ENTRY Used Dataset: Tire: Lateral Force; { Normalized Tires } Scaled Fy, basis 215/55 R17 touring tire
#Library : Tire: Lateral Force
#DataSet : Scaled Fy, basis 215/55 R17 touring tire
#Category: Normalized Tires
#FileID  : TireFy_610dd5e1-e0d5-4bf8-9848-47d38ecda8f1
#Modified: 05-28-2021 14:58:50
#Product : CarSim 2024.1
#DataVer : 2024.1
#VehCode Tire: Fy

END
