PARSFILE
#FullDataName Suspension: Lateral Movement (Virtual Steering Axis)`D-Class, Sedan - Front Right`D-Class
#CheckBox0 0    

*3D_XLabel Rack travel left (mm)
*3D_YLabel Suspension cmp. (jounce) (mm)
*3D_ZLabel Lateral movement inward (mm)

#DiagramTwo0
*3D_DATA 19, 15 ! columns x rows
LAT_VIR_CARPET 2D_SPLINE
0, -90, -80, -70, -60, -50, -40, -30, -20, -10, 0, 10, 20, 30, 40, 50, 60, 70, 80, 90
-70, 29.283, 23.157, 18.04, 13.873, 10.517, 7.8784, 5.8695, 4.4124, 3.4385, 2.8892, 2.7162, 2.8802, 3.3515, 4.1095, 5.1428, 6.4497, 8.04, 9.9384, 12.19
-60, 28.384, 22.225, 17.083, 12.897, 9.5276, 6.8795, 4.8652, 3.4055, 2.4314, 1.8838, 1.7282, 1.9121, 2.4023, 3.1783, 4.2286, 5.5518, 7.1578, 9.0712, 11.337
-50, 27.707, 21.513, 16.343, 12.135, 8.7497, 6.09, 4.0679, 2.6035, 1.6271, 1.0792, 0.92567, 1.1121, 1.6058, 2.3863, 3.4419, 4.7712, 6.3841, 8.3053, 10.58
-40, 27.248, 21.018, 15.818, 11.585, 8.1811, 5.5076, 3.4754, 2.0041, 1.0234, 0.4733, 0.31979, 0.50692, 1.0026, 1.786, 2.8455, 4.1795, 5.798, 7.7256, 10.008
-30, 27.008, 20.738, 15.505, 11.245, 7.8202, 5.1303, 3.0857, 1.6053, 0.61825, 0.063936, -0.091432, 0.094712, 0.59071, 1.3755, 2.4374, 3.7748, 5.3975, 7.3303, 9.6189
-20, 26.984, 20.672, 15.403, 11.114, 7.6654, 4.9567, 2.8974, 1.4056, 0.40998, -0.15053, -0.30971, -0.1263, 0.36835, 1.153, 2.2158, 3.5551, 5.1807, 7.1174, 9.4111
-10, 27.175, 20.818, 15.512, 11.19, 7.7156, 4.9856, 2.909, 1.4036, 0.39728, -0.17148, -0.33647, -0.15757, 0.33405, 1.117, 2.1792, 3.5189, 5.1461, 7.0854, 9.3828
0, 27.58, 21.177, 15.83, 11.474, 7.97, 5.216, 3.1198, 1.5984, 0.57912, 0, -0.17282, -0.00025932, 0.48661, 1.2662, 2.3263, 3.665, 5.2923, 7.2329, 9.5327
10, 28.2, 21.748, 16.358, 11.963, 8.4281, 5.6476, 3.5292, 1.9893, 0.95475, 0.36338, 0.18037, 0.34472, 0.82507, 1.5996, 2.656, 3.9923, 5.6182, 7.5586, 9.8595
20, 29.035, 22.531, 17.095, 12.659, 9.0899, 6.2801, 4.1368, 2.576, 1.5238, 0.91781, 0.72254, 0.87672, 1.3487, 2.1165, 3.1676, 4.4998, 6.123, 8.0618, 10.362
30, 30.085, 23.527, 18.042, 13.562, 9.9558, 7.1138, 4.9429, 3.3584, 2.286, 1.6631, 1.4534, 1.5954, 2.0571, 2.8163, 3.8604, 5.187, 6.8057, 8.7414, 11.04
40, 31.352, 24.736, 19.2, 14.673, 11.026, 8.1491, 5.9477, 4.3369, 3.2418, 2.5993, 2.3729, 2.5006, 2.9501, 3.6989, 4.7341, 6.0533, 7.6661, 9.5971, 11.892
50, 32.835, 26.161, 20.569, 15.993, 12.303, 9.3872, 7.1523, 5.5122, 4.3917, 3.7269, 3.4815, 3.5926, 4.0278, 4.7641, 5.7886, 7.0987, 8.7037, 10.628, 12.919
60, 34.425, 27.741, 22.141, 17.523, 13.786, 10.829, 8.5577, 6.8853, 5.7365, 5.0467, 4.7797, 4.8719, 5.2905, 6.0123, 7.0241, 8.3231, 9.9185, 11.835, 14.119
70, 36.014, 29.321, 23.712, 19.085, 15.339, 12.373, 10.093, 8.4131, 7.2568, 6.5598, 6.2686, 6.3393, 6.7389, 7.4439, 8.4408, 9.7267, 11.311, 13.217, 15.492
ENDTABLE

#RadioCtrl0 0    


LOG_ENTRY Used Dataset: Suspension: Lateral Movement (Virtual Steering Axis); { D-Class } D-Class, Sedan - Front Right
#Library : Suspension: Lateral Movement (Virtual Steering Axis)
#DataSet : D-Class, Sedan - Front Right
#Category: D-Class
#FileID  : LatVir_583dd22d-dab5-4946-8c60-a8b6ea08fb50
#Modified: 05-28-2021 14:59:09
#Product : CarSim 2024.1
#DataVer : 2024.1
#VehCode Lateral Disp

END
