PARSFILE
#FullDataName Suspension: Lateral Movement (Virtual Steering Axis)`D-Class, Sedan - Front Left`D-Class
#CheckBox0 0    

*3D_XLabel Rack travel left (mm)
*3D_YLabel Suspension cmp. (jounce) (mm)
*3D_ZLabel Lateral movement inward (mm)

#DiagramTwo0
*3D_DATA 19, 15 ! columns x rows
LAT_VIR_CARPET 2D_SPLINE
0, -90, -80, -70, -60, -50, -40, -30, -20, -10, 0, 10, 20, 30, 40, 50, 60, 70, 80, 90
-70, 12.19, 9.9384, 8.04, 6.4497, 5.1428, 4.1095, 3.3515, 2.8802, 2.7162, 2.8892, 3.4385, 4.4124, 5.8695, 7.8784, 10.517, 13.873, 18.04, 23.157, 29.283
-60, 11.337, 9.0712, 7.1578, 5.5518, 4.2286, 3.1783, 2.4023, 1.9121, 1.7282, 1.8838, 2.4314, 3.4055, 4.8652, 6.8795, 9.5276, 12.897, 17.083, 22.225, 28.384
-50, 10.58, 8.3053, 6.3841, 4.7712, 3.4419, 2.3863, 1.6058, 1.1121, 0.92567, 1.0792, 1.6271, 2.6035, 4.0679, 6.09, 8.7497, 12.135, 16.343, 21.513, 27.707
-40, 10.008, 7.7256, 5.798, 4.1795, 2.8455, 1.786, 1.0026, 0.50692, 0.31979, 0.4733, 1.0234, 2.0041, 3.4754, 5.5076, 8.1811, 11.585, 15.818, 21.018, 27.248
-30, 9.6189, 7.3303, 5.3975, 3.7748, 2.4374, 1.3755, 0.59071, 0.094712, -0.091432, 0.063936, 0.61825, 1.6053, 3.0857, 5.1303, 7.8202, 11.245, 15.505, 20.738, 27.008
-20, 9.4111, 7.1174, 5.1807, 3.5551, 2.2158, 1.153, 0.36835, -0.1263, -0.30971, -0.15053, 0.40998, 1.4056, 2.8974, 4.9567, 7.6654, 11.114, 15.403, 20.672, 26.984
-10, 9.3828, 7.0854, 5.1461, 3.5189, 2.1792, 1.117, 0.33405, -0.15757, -0.33647, -0.17148, 0.39728, 1.4036, 2.909, 4.9856, 7.7156, 11.19, 15.512, 20.818, 27.175
0, 9.5327, 7.2329, 5.2923, 3.665, 2.3263, 1.2662, 0.48661, -0.00025932, -0.17282, 0, 0.57912, 1.5984, 3.1198, 5.216, 7.97, 11.474, 15.83, 21.177, 27.58
10, 9.8595, 7.5586, 5.6182, 3.9923, 2.656, 1.5996, 0.82507, 0.34472, 0.18037, 0.36338, 0.95475, 1.9893, 3.5292, 5.6476, 8.4281, 11.963, 16.358, 21.748, 28.2
20, 10.362, 8.0618, 6.123, 4.4998, 3.1676, 2.1165, 1.3487, 0.87672, 0.72254, 0.91781, 1.5238, 2.576, 4.1368, 6.2801, 9.0899, 12.659, 17.095, 22.531, 29.035
30, 11.04, 8.7414, 6.8057, 5.187, 3.8604, 2.8163, 2.0571, 1.5954, 1.4534, 1.6631, 2.286, 3.3584, 4.9429, 7.1138, 9.9558, 13.562, 18.042, 23.527, 30.085
40, 11.892, 9.5971, 7.6661, 6.0533, 4.7341, 3.6989, 2.9501, 2.5006, 2.3729, 2.5993, 3.2418, 4.3369, 5.9477, 8.1491, 11.026, 14.673, 19.2, 24.736, 31.352
50, 12.919, 10.628, 8.7037, 7.0987, 5.7886, 4.7641, 4.0278, 3.5926, 3.4815, 3.7269, 4.3917, 5.5122, 7.1523, 9.3872, 12.303, 15.993, 20.569, 26.161, 32.835
60, 14.119, 11.835, 9.9185, 8.3231, 7.0241, 6.0123, 5.2905, 4.8719, 4.7797, 5.0467, 5.7365, 6.8853, 8.5577, 10.829, 13.786, 17.523, 22.141, 27.741, 34.425
70, 15.492, 13.217, 11.311, 9.7267, 8.4408, 7.4439, 6.7389, 6.3393, 6.2686, 6.5598, 7.2568, 8.4131, 10.093, 12.373, 15.339, 19.085, 23.712, 29.321, 36.014
ENDTABLE

#RadioCtrl0 0    


LOG_ENTRY Used Dataset: Suspension: Lateral Movement (Virtual Steering Axis); { D-Class } D-Class, Sedan - Front Left
#Library : Suspension: Lateral Movement (Virtual Steering Axis)
#DataSet : D-Class, Sedan - Front Left
#Category: D-Class
#FileID  : LatVir_51243820-a236-4efb-8b73-8da1ab981db7
#Modified: 05-28-2021 14:59:09
#Product : CarSim 2024.1
#DataVer : 2024.1
#VehCode Lateral Disp

END
