PARSFILE
! VS Tire Tester for CarSim and TruckSim 2024.1
! Utility to calculate tire behavior for simulated quasi-static tests
! Revision 222209, March 18, 2024

DATASET_TITLE MF-Tyre Sweep Gamma (Fz = 6000N)
CATEGORY Tire Tester
TITLE MF-Tyre Sweep Gamma (Fz = 6000N) <Tire Tester>

! Echo: Results\Run_099926b9-a77f-4fe3-92cf-eea4930fa7c7\Run_echo.par
! This run was made 14:09 on March 25, 2024.

!------------------------------------------------------------------------------------
! SYSTEM PARAMETERS (SIMULATION OPTIONS)
!------------------------------------------------------------------------------------
! [D] (default) indicates that a parameter was not set by reading from a Parsfile.
! [I] indicates that changing the parameter via an Event triggers an initialization.
! [L] indicates that the parameter is locked once the simulation starts.

ID_EVENT            0 ; - ! ID number that can be assigned to the current event
ID_RUN              0 ; - ! ID number that can be assigned to a simulation run
NDIGITS_ECHO       10 ! [D] Max. no. of digits for printing floating-point numbers
! NOUT_ANI_LIVE     0 ! Number of variables sent live to animators (read only)
! NOUT_WRITE        9 ! Number of output variables written to file (read only)
OPT_ALL_WRITE       0 ! Write all outputs to file? 1 -> all, 0 -> only activated
                      ! outputs
OPT_BUFFER_WRITE    0 ! [D] Retain output data in memory buffer until end of run? 0
                      ! -> no, write immediately to file, 1 -> yes, buffer during
                      ! run and write to file after run finishes [L]
OPT_CHECK_MATH      2 ! [D] Check for math exceptions? 2 -> as errors, 1 -> as
                      ! warnings, 0 -> no checks
OPT_ECHO_ALL_PARS   0 ! [D] Echo all parameters in this VS Math Model? 0 ->
                      ! parameters needed in this run, 1 -> all parameters
OPT_ECHO_ALL_UNITS  0 ! [D] Echo list of units and scale factors? 0 -> no, 1 -> yes
OPT_ECHO_DEFAULT    1 ! [D] Show values that were not set by reading from a file? 1
                      ! -> show with [D] indicator, 0 -> show without [D], 2 -> do
                      ! not show the property at all
OPT_ECHO_ICS        0 ! [D] Echo initial conditions? 0 -> no, 1 -> yes
OPT_ECHO_KEYWORDS_LC 0 ! [D] Echo all keywords in lowercase? 0 -> no, 1 -> yes
OPT_ECHO_WRITE      0 ! [D] Echo written outputs? 0 -> no, 1 -> yes
OPT_ERROR_DIALOG    0 ! Show pop-up dialog box if fatal error occurs: 1 -> yes
                      ! (normal use), 0 -> no (for batch runs)
OPT_ERROR_DUP_DEF   0 ! [D] Handle case where DEFINE_IMPORT, DEFINE_OUTPUT,
                      ! DEFINE_PARAMETER, or DEFINE_VARIABLE attempts to define a
                      ! variable with a name that is already in use. 0 -> write
                      ! warning in log file, 1 -> generate error [L]
OPT_ERROR_SHOW_ALL  0 ! [D] Show pop-up boxes for all errors: 0 -> only show the
                      ! first, 1 -> also show subsequent errors
OPT_IGNORE_NANS     1 ! [D] Ignore NaNs in the output? 1 -> Yes, ignore, 0 -> No,
                      ! treat as an error
OPT_LOG_DEBUG       0 ! [D] Log file writing: 0 -> normal, 1 -> crash expected
OPT_LOG_VERBOSE     2 ! [D] Log file verbosity: 2 -> errors + most events + parsfile
                      ! names, 0 -> errors only, 1 -> errors + events, 3 ->
                      ! advanced diagnostics
OPT_LOG_WARNINGS    1 ! [D] Write warnings into log file? 1 -> yes, 0 -> no
OPT_PAUSE           0 ! [D] Pause at end of run with window open? 0 -> no, 1 -> yes
OPT_SORT_WRITE      1 ! [D] Sort written outputs? 1 -> alphabetical, 0 -> as entered
OPT_VS_FILETYPE     2 ! Type of output file: 1-> 64-bit VS, 2-> 32-bit VS, 3 ->
                      ! 32-bit ERD, 4 -> text CSV (no binary), 0 -> no output file
TSTEP          0.0005 ; s ! Time step between calculations [L]
TT_MAX_ITERATIONS 1000 ! [D] VS Tire Tester limit on iterations at each time step
TT_TOLERANCE_FZ     1 ; N ! [D] VS Tire Tester tolerance for calculating vertical
                      ! force. Halts when |error| <= tol or # iters > max allowed

!------------------------------------------------------------------------------------
! MODEL PARAMETERS
!------------------------------------------------------------------------------------
! Tire behavior is specified with the following parameters. Depending on the
! selected options, the following nonlinear Configurable Functions might also be
! used: FX_TIRE, FY_TIRE, FYG_TIRE, FZ_TIRE, KGAMMA, L_CONTACT_X, L_CONTACT_Y,
! L_RELAX_X, L_RELAX_Y, MX_TIRE, MXG_TIRE, MZ_TIRE, STI_TYPARR, and Z_PROFILE.

VLOW_DRIFT_X      0.1 ; km/h ! [D] Low speed limit: allow near-static Fx to avoid
                      ! drift when stopped on a grade
VLOW_DRIFT_Y      0.1 ; km/h ! [D] Low speed limit: allow near-static Fy to avoid
                      ! drift when stopped on a grade

OPT_TIRE_MODEL(1,1) 8 ! Tire model option, tire L1: 1 -> original tabular model; 0
                      ! -> fully external model; 2 -> built-in lags; 3 -> built-in
                      ! for Fx, My, and lags; 6 -> tabular with camber extensions;
                      ! 8 -> SIEMENS Delft-Tyre; 9 -> COSIN FTire; 10 ->
                      ! third-party STI tire model [I]
OPT_TIRE_INERTIA_EXTERNAL(1,1) 1 ! Option for handling spin inertia for 3rd-party
                                 ! model: 0 -> use spin inertia of tire from
                                 ! external tire file; 1 -> use spin inertia of
                                 ! tire from VS Parsfile
FZ_REF(1,1)     30000 ; N ! Reference vertical force: Not used directly in the VS
                      ! Math Model; provided as a standard reference for advanced
                      ! users to scale other parameters and Configurable Functions
                      ! for this tire
IT(1,1)            25 ; kg-m2 ! Spin inertia for tire L1 [I]
IT_XXZZ(1,1)        0 ; kg-m2 ! [D] XX/ZZ inertia for tire L1 [I]
KY_TIRE(1,1)   956.08 ; N/deg ! Cornering stiffness for the driver model, tire L1
M_TIRE(1,1)         2 ; kg ! Mass of tire L1

!------------------------------------------------------------------------------------
! TEST SETUP PARAMETERS
!------------------------------------------------------------------------------------
OPT_TEST_MODE       3 ! Sweep one variable from a lower limit to an upper limit
                      ! using a constant step. 0 -> vary Fz, 1 -> vary alpha, 2 ->
                      ! vary kappa, 3 -> vary gamma [I]
FZ_TEST          6000 ; N ! Constant vertical force
ALPHA_TEST          0 ; deg ! Constant slip angle
KAPPA_TEST          0 ; - ! Constant slip ratio
GAMMA_LOWER        -5 ; deg ! Inclination angle lower test limit
GAMMA_UPPER         5 ; deg ! Inclination angle upper test limit
GAMMA_STEP       0.01 ; deg ! Inclination angle increment
MUX_TEST           -1 ; - ! Longitudinal mu for this test
MUY_TEST           -1 ; - ! Lateral mu for this test
SPEED_TEST         10 ; km/h ! Test speed (r*w)
RR_SURF             1 ; - ! Tire rolling resistance surface-effect coefficient


!------------------------------------------------------------------------------------
! SYSTEM CONSTANTS
!------------------------------------------------------------------------------------
! DR      57.29577951 ; - ! Deg/rad symbol to use in formulas (read-only)
! G           9.80665 ; - ! Symbol for gravity constant m/s/s (read-only)
! PI      3.141592654 ; - ! Symbol for PI to use in formulas (read-only)
! ZERO              0 ; - ! Symbol for zero to use in VS Events (read-only)

!------------------------------------------------------------------------------------
! CONFIGURABLE FUNCTIONS
!------------------------------------------------------------------------------------

! STI_TYPARR: STI tire model properties. Property value is a function of Property
! number (CONSTANT, COEFFICIENT, or TABLE). Property value from the calculation can
! be adjusted with STI_TYPARR_GAIN and STI_TYPARR_OFFSET.

! Col 1 = Property number (-), col 2 = Property value (-)
STI_TYPARR_TABLE STEP ! step interpolation, flat-line extrapolation
 0, 0
 1, 0
 2, 0
 3, 0
 4, 0
 5, -128
 6, 92
 7, 64
 8, 0
 9, 0
 10, 0
 11, 0
 12, 0
 13, -128
 14, 78
 15, 64
 16, 0
 17, 0
 18, 0
 19, 0
 20, 0
 21, 0
 22, -16
 23, 63
 24, -1
 25, -1
 26, -1
 27, -1
 28, -1
 29, -1
 30, -1
 31, -1
 32, -1
 33, -1
 34, -1
 35, -1
 36, -1
 37, -1
 38, -1
 39, -1
 40, 51
 41, 51
 42, 51
 43, 51
 44, 51
 45, -77
 46, 48
 47, 64
 48, -78
 49, -99
 50, -17
 51, -89
 52, -58
 53, 75
 54, -41
 55, 63
 56, -51
 57, -52
 58, -52
 59, -52
 60, -52
 61, -52
 62, -52
 63, 63
 64, -4
 65, -87
 66, -15
 67, -46
 68, 77
 69, 98
 70, -56
 71, 63
 72, -37
 73, -7
 74, 126
 75, 106
 76, -68
 77, 116
 78, -61
 79, 63
 80, -70
 81, 73
 82, 12
 83, 2
 84, 43
 85, -57
 86, 32
 87, 64
 88, 79
 89, -23
 90, 96
 91, -3
 92, -97
 93, -61
 94, -56
 95, 63
 96, 124
 97, 44
 98, 125
 99, -24
 100, -126
 101, -6
 102, -74
 103, 63
 104, 0
 105, 0
 106, 0
 107, 0
 108, 0
 109, 64
 110, -81
 111, 64
 112, 0
 113, 0
 114, 0
 115, 0
 116, -128
 117, 19
 118, 12
 119, 65
 120, 0
 121, 0
 122, 0
 123, 0
 124, 0
 125, 0
 126, 73
 127, 64
 128, -1
 129, -1
 130, -1
 131, -1
 132, -1
 133, -1
 134, -1
 135, -1
 136, 0
 137, 0
 138, 0
 139, 0
 140, 0
 141, 0
 142, -16
 143, 63
 144, -1
 145, -1
 146, -1
 147, -1
 148, -1
 149, -1
 150, -1
 151, -1
 152, 0
 153, 0
 154, 0
 155, 0
 156, 0
 157, 0
 158, 0
 159, 64
 160, 0
 161, 0
 162, 0
 163, 0
 164, 0
 165, 0
 166, 89
 167, 64
 168, 0
 169, 0
 170, 0
 171, 0
 172, 0
 173, 104
 174, -64
 175, 64
 176, 0
 177, 0
 178, 0
 179, 0
 180, 0
 181, 0
 182, -8
 183, -65
 184, 0
 185, 0
 186, 0
 187, 0
 188, 0
 189, 0
 190, -8
 191, 63
 192, 0
 193, 0
 194, 0
 195, 0
 196, 0
 197, 0
 198, -8
 199, -65
 200, 0
 201, 0
 202, 0
 203, 0
 204, 0
 205, 0
 206, -8
 207, 63
 208, 101
 209, -33
 210, 21
 211, -63
 212, -1
 213, 86
 214, -58
 215, -65
 216, 101
 217, -33
 218, 21
 219, -63
 220, -1
 221, 86
 222, -58
 223, 63
 224, 0
 225, 0
 226, 0
 227, 0
 228, 0
 229, 0
 230, 8
 231, 64
 232, 0
 233, 0
 234, 0
 235, 0
 236, 0
 237, 0
 238, 0
 239, 0
 240, 0
 241, 0
 242, 0
 243, 0
 244, 0
 245, 0
 246, -16
 247, 63
 248, 0
 249, 0
 250, 0
 251, 0
 252, 0
 253, 0
 254, -16
 255, 63
 256, 0
 257, 0
 258, 0
 259, 0
 260, 0
 261, 0
 262, -16
 263, 63
 264, 0
 265, 0
 266, 0
 267, 0
 268, 0
 269, 0
 270, -16
 271, 63
 272, 0
 273, 0
 274, 0
 275, 0
 276, 0
 277, 0
 278, -16
 279, 63
 280, 0
 281, 0
 282, 0
 283, 0
 284, 0
 285, 0
 286, -16
 287, 63
 288, 0
 289, 0
 290, 0
 291, 0
 292, 0
 293, 0
 294, -16
 295, 63
 296, 0
 297, 0
 298, 0
 299, 0
 300, 0
 301, 0
 302, -16
 303, 63
 304, 0
 305, 0
 306, 0
 307, 0
 308, 0
 309, 0
 310, -16
 311, 63
 312, 0
 313, 0
 314, 0
 315, 0
 316, 0
 317, 0
 318, -16
 319, 63
 320, 0
 321, 0
 322, 0
 323, 0
 324, 0
 325, 0
 326, -16
 327, 63
 328, 0
 329, 0
 330, 0
 331, 0
 332, 0
 333, 0
 334, -16
 335, 63
 336, 0
 337, 0
 338, 0
 339, 0
 340, 0
 341, 0
 342, -16
 343, 63
 344, 0
 345, 0
 346, 0
 347, 0
 348, 0
 349, 0
 350, -16
 351, 63
 352, 0
 353, 0
 354, 0
 355, 0
 356, 0
 357, 0
 358, -16
 359, 63
 360, 0
 361, 0
 362, 0
 363, 0
 364, 0
 365, 0
 366, -16
 367, 63
 368, 0
 369, 0
 370, 0
 371, 0
 372, 0
 373, 0
 374, -16
 375, 63
 376, 0
 377, 0
 378, 0
 379, 0
 380, 0
 381, 0
 382, -16
 383, 63
 384, 0
 385, 0
 386, 0
 387, 0
 388, 0
 389, 0
 390, -16
 391, 63
 392, 0
 393, 0
 394, 0
 395, 0
 396, 0
 397, 0
 398, -16
 399, 63
 400, 0
 401, 0
 402, 0
 403, 0
 404, 0
 405, 0
 406, -16
 407, 63
 408, -1
 409, -1
 410, -1
 411, -1
 412, -1
 413, -1
 414, -1
 415, -1
 416, -1
 417, -1
 418, -1
 419, -1
 420, -1
 421, -1
 422, -1
 423, -1
 424, -1
 425, -1
 426, -1
 427, -1
 428, -1
 429, -1
 430, -1
 431, -1
 432, 0
 433, 0
 434, 0
 435, 0
 436, 0
 437, 0
 438, -16
 439, 63
 440, 0
 441, 0
 442, 0
 443, 0
 444, 0
 445, 0
 446, -16
 447, 63
 448, 0
 449, 0
 450, 0
 451, 0
 452, 0
 453, 0
 454, -16
 455, 63
 456, -1
 457, -1
 458, -1
 459, -1
 460, -1
 461, -1
 462, -1
 463, -1
 464, 0
 465, 0
 466, 0
 467, 0
 468, 0
 469, 0
 470, 0
 471, 0
 472, 0
 473, 0
 474, 0
 475, 0
 476, 0
 477, 0
 478, 0
 479, 0
 480, -35
 481, 36
 482, 6
 483, -127
 484, -107
 485, 67
 486, -7
 487, 63
 488, 91
 489, 66
 490, 62
 491, -24
 492, -39
 493, -84
 494, -16
 495, 63
 496, -39
 497, 61
 498, 121
 499, 88
 500, -88
 501, 53
 502, -75
 503, -65
 504, 52
 505, -65
 506, -102
 507, 3
 508, 4
 509, 115
 510, -68
 511, 63
 512, -52
 513, 127
 514, 72
 515, -65
 516, 125
 517, 29
 518, -44
 519, 63
 520, 0
 521, 0
 522, 0
 523, 0
 524, 0
 525, 0
 526, 0
 527, 0
 528, -120
 529, 103
 530, 9
 531, 50
 532, 2
 533, 42
 534, 92
 535, 63
 536, 29
 537, 90
 538, 100
 539, 59
 540, -33
 541, -81
 542, 53
 543, 64
 544, -37
 545, -7
 546, 126
 547, 106
 548, -68
 549, 116
 550, 43
 551, 64
 552, -75
 553, -90
 554, 121
 555, -57
 556, 41
 557, 58
 558, -38
 559, -65
 560, 63
 561, 4
 562, -80
 563, 92
 564, -54
 565, 84
 566, 44
 567, 63
 568, 52
 569, 65
 570, 121
 571, -60
 572, -115
 573, 0
 574, 83
 575, 63
 576, -83
 577, -12
 578, -119
 579, 37
 580, -83
 581, 68
 582, -11
 583, 62
 584, -26
 585, 32
 586, 75
 587, -109
 588, 16
 589, -76
 590, 27
 591, 63
 592, 82
 593, -72
 594, 30
 595, -123
 596, -21
 597, 17
 598, 41
 599, 64
 600, 63
 601, 53
 602, 94
 603, -70
 604, 73
 605, 12
 606, 35
 607, 64
 608, -25
 609, -5
 610, -87
 611, -15
 612, -46
 613, 77
 614, -16
 615, 63
 616, 10
 617, -56
 618, 77
 619, -61
 620, -90
 621, -124
 622, 38
 623, 63
 624, -1
 625, -1
 626, -1
 627, -1
 628, -1
 629, -1
 630, -1
 631, -1
 632, -1
 633, -1
 634, -1
 635, -1
 636, -1
 637, -1
 638, -1
 639, -1
 640, -1
 641, -1
 642, -1
 643, -1
 644, -1
 645, -1
 646, -1
 647, -1
 648, -118
 649, -80
 650, -31
 651, -23
 652, -107
 653, -78
 654, -36
 655, -65
 656, -2
 657, 67
 658, -6
 659, -19
 660, -21
 661, -64
 662, -35
 663, -65
 664, 0
 665, 0
 666, 0
 667, 0
 668, 0
 669, 0
 670, 0
 671, 0
 672, 9
 673, 27
 674, -98
 675, 94
 676, 41
 677, -53
 678, -20
 679, -65
 680, 74
 681, 9
 682, -63
 683, -86
 684, 122
 685, -7
 686, 125
 687, -65
 688, -95
 689, -8
 690, 49
 691, -26
 692, -82
 693, 37
 694, -18
 695, 63
 696, 62
 697, 60
 698, 75
 699, -112
 700, 17
 701, 80
 702, -111
 703, -65
 704, -1
 705, -1
 706, -1
 707, -1
 708, -1
 709, -1
 710, -1
 711, -1
 712, -1
 713, -1
 714, -1
 715, -1
 716, -1
 717, -1
 718, -1
 719, -1
 720, -100
 721, -60
 722, 32
 723, -80
 724, 114
 725, 104
 726, -11
 727, 63
 728, -23
 729, 38
 730, 49
 731, 8
 732, -84
 733, 28
 734, -20
 735, 63
 736, 107
 737, -44
 738, 67
 739, 52
 740, -70
 741, -125
 742, -80
 743, -65
 744, 0
 745, 0
 746, 0
 747, 0
 748, 0
 749, 0
 750, 0
 751, 0
 752, -18
 753, 124
 754, 63
 755, 53
 756, 94
 757, -70
 758, -23
 759, -65
 760, -93
 761, -110
 762, 58
 763, 1
 764, 77
 765, -124
 766, -29
 767, -65
 768, -79
 769, -60
 770, 3
 771, -54
 772, -90
 773, 92
 774, -71
 775, 63
 776, 45
 777, -78
 778, -99
 779, -17
 780, -89
 781, -58
 782, 26
 783, -64
 784, 76
 785, 55
 786, -119
 787, 65
 788, 96
 789, -91
 790, 46
 791, -64
 792, 126
 793, 29
 794, 56
 795, 103
 796, 68
 797, 105
 798, -5
 799, 63
 800, -22
 801, -107
 802, -78
 803, 12
 804, 113
 805, -84
 806, -41
 807, 63
 808, 30
 809, -71
 810, 127
 811, 118
 812, -47
 813, -95
 814, 93
 815, -65
 816, -106
 817, 62
 818, 116
 819, 65
 820, 125
 821, -53
 822, 108
 823, 63
 824, -1
 825, -1
 826, -1
 827, -1
 828, -1
 829, -1
 830, -1
 831, -1
 832, 62
 833, -77
 834, 36
 835, 64
 836, 77
 837, 45
 838, 123
 839, -65
 840, 97
 841, -90
 842, -19
 843, 95
 844, 89
 845, 105
 846, -94
 847, 63
 848, 1
 849, 77
 850, -124
 851, 13
 852, 79
 853, -81
 854, -60
 855, -65
 856, -33
 857, 79
 858, -115
 859, -105
 860, 110
 861, 18
 862, -33
 863, -65
 864, -90
 865, -101
 866, -60
 867, 32
 868, -80
 869, -14
 870, 39
 871, 64
 872, -106
 873, 67
 874, -117
 875, 108
 876, -25
 877, 123
 878, 33
 879, 64
 880, -94
 881, 11
 882, -22
 883, 91
 884, -26
 885, 116
 886, -119
 887, -65
 888, 32
 889, -46
 890, 111
 891, 95
 892, 7
 893, -50
 894, -16
 895, 63
 896, -7
 897, 20
 898, 0
 899, -29
 900, 25
 901, 52
 902, -124
 903, 63
 904, 68
 905, -92
 906, -90
 907, 93
 908, 76
 909, 51
 910, 125
 911, 63
 912, -125
 913, 89
 914, 87
 915, -69
 916, -36
 917, 22
 918, 75
 919, 63
 920, 107
 921, 43
 922, -10
 923, -105
 924, -35
 925, -109
 926, -89
 927, -65
 928, 0
 929, 0
 930, 0
 931, 0
 932, 0
 933, 0
 934, 46
 935, 64
 936, 78
 937, 98
 938, 16
 939, 88
 940, 57
 941, -76
 942, -2
 943, 63
 944, 121
 945, -23
 946, 38
 947, 49
 948, 8
 949, 12
 950, 56
 951, 64
 952, -1
 953, -1
 954, -1
 955, -1
 956, -1
 957, -1
 958, -1
 959, -1
 960, -1
 961, -1
 962, -1
 963, -1
 964, -1
 965, -1
 966, -1
 967, -1
 968, -68
 969, 116
 970, -109
 971, 24
 972, 4
 973, 86
 974, -46
 975, 63
 976, -81
 977, 65
 978, 95
 979, 122
 980, -5
 981, 115
 982, 113
 983, 63
 984, -37
 985, 20
 986, -113
 987, -117
 988, 106
 989, 17
 990, -127
 991, 63
 992, -59
 993, 32
 994, -80
 995, 114
 996, 104
 997, -111
 998, -51
 999, -65
 1000, -30
 1001, -52
 1002, -81
 1003, -26
 1004, 0
 1005, -63
 1006, 124
 1007, 63
 1008, 0
 1009, 0
 1010, 0
 1011, 0
 1012, 0
 1013, 0
 1014, 0
 1015, 0
 1016, 53
 1017, 41
 1018, 5
 1019, -35
 1020, 94
 1021, -46
 1022, 88
 1023, 63
 1024, -67
 1025, -108
 1026, -12
 1027, 15
 1028, -90
 1029, 81
 1030, 22
 1031, 63
 1032, 0
 1033, 0
 1034, 0
 1035, 0
 1036, 0
 1037, 0
 1038, 0
 1039, 0
 1040, -25
 1041, -5
 1042, -87
 1043, -15
 1044, -46
 1045, -115
 1046, 41
 1047, 64
 1048, -85
 1049, 62
 1050, 87
 1051, 91
 1052, -79
 1053, -65
 1054, -13
 1055, -65
 1056, 0
 1057, 0
 1058, 0
 1059, 0
 1060, 0
 1061, 0
 1062, 0
 1063, 0
 1064, -49
 1065, 102
 1066, -43
 1067, -25
 1068, 106
 1069, 43
 1070, -62
 1071, 63
 1072, -117
 1073, -61
 1074, -103
 1075, 95
 1076, -51
 1077, 1
 1078, -58
 1079, -65
 1080, 12
 1081, 2
 1082, 43
 1083, -121
 1084, 22
 1085, -39
 1086, 49
 1087, 64
 1088, 39
 1089, 49
 1090, 8
 1091, -84
 1092, 28
 1093, 90
 1094, -11
 1095, 63
 1096, 15
 1097, -42
 1098, -1
 1099, 57
 1100, -52
 1101, -105
 1102, -73
 1103, 63
 1104, 100
 1105, -110
 1106, -111
 1107, -77
 1108, -80
 1109, -89
 1110, 109
 1111, -65
 1112, -116
 1113, -37
 1114, 104
 1115, 0
 1116, 111
 1117, -127
 1118, -44
 1119, 63
 1120, 0
 1121, 0
 1122, 0
 1123, 0
 1124, 0
 1125, 0
 1126, 0
 1127, 0
 1128, -94
 1129, -16
 1130, -39
 1131, 58
 1132, 56
 1133, -40
 1134, 91
 1135, 63
 1136, 122
 1137, 55
 1138, 22
 1139, 20
 1140, 6
 1141, 101
 1142, 90
 1143, -65
 1144, 69
 1145, 42
 1146, -116
 1147, 45
 1148, 4
 1149, 57
 1150, -64
 1151, -65
 1152, 60
 1153, -64
 1154, -109
 1155, 22
 1156, 46
 1157, -85
 1158, 112
 1159, 63
 1160, 88
 1161, 57
 1162, -76
 1163, -56
 1164, 118
 1165, -66
 1166, -17
 1167, -65
 1168, -63
 1169, -88
 1170, -92
 1171, 78
 1172, 64
 1173, 19
 1174, -27
 1175, 63
 1176, 0
 1177, 0
 1178, 0
 1179, 0
 1180, 0
 1181, 0
 1182, 0
 1183, 0
 1184, 79
 1185, 30
 1186, 22
 1187, 106
 1188, 77
 1189, -13
 1190, -42
 1191, 63
 1192, -34
 1193, 113
 1194, -118
 1195, -114
 1196, -28
 1197, -14
 1198, -12
 1199, -65
 1200, -110
 1201, 120
 1202, 121
 1203, 58
 1204, 87
 1205, -108
 1206, 98
 1207, 63
 1208, 110
 1209, -117
 1210, 50
 1211, 27
 1212, 100
 1213, -110
 1214, 97
 1215, 63
 1216, -108
 1217, -92
 1218, 107
 1219, 38
 1220, -33
 1221, 108
 1222, -53
 1223, 63
 1224, -12
 1225, -3
 1226, -44
 1227, 120
 1228, -23
 1229, 38
 1230, -55
 1231, -65
 1232, 92
 1233, -81
 1234, -23
 1235, 65
 1236, 65
 1237, 41
 1238, 106
 1239, 63
 1240, -73
 1241, 122
 1242, 78
 1243, 122
 1244, -33
 1245, -8
 1246, -102
 1247, 63
 1248, -124
 1249, 15
 1250, 37
 1251, 90
 1252, -14
 1253, 120
 1254, 122
 1255, 63
 1256, -62
 1257, -66
 1258, -99
 1259, 68
 1260, -124
 1261, 127
 1262, -127
 1263, 63
 1264, -1
 1265, -1
 1266, -1
 1267, -1
 1268, -1
 1269, -1
 1270, -1
 1271, -1
 1272, -1
 1273, -1
 1274, -1
 1275, -1
 1276, -1
 1277, -1
 1278, -1
 1279, -1
 1280, 0
 1281, 0
 1282, 0
 1283, 0
 1284, 0
 1285, 0
 1286, 0
 1287, 0
 1288, -88
 1289, 53
 1290, -51
 1291, 59
 1292, 78
 1293, -47
 1294, -31
 1295, 63
 1296, -1
 1297, -1
 1298, -1
 1299, -1
 1300, -1
 1301, -1
 1302, -1
 1303, -1
 1304, 51
 1305, 51
 1306, 51
 1307, 51
 1308, 51
 1309, 51
 1310, 28
 1311, 64
 1312, -1
 1313, -1
 1314, -1
 1315, -1
 1316, -1
 1317, -1
 1318, -1
 1319, -1
 1320, -1
 1321, -1
 1322, -1
 1323, -1
 1324, -1
 1325, -1
 1326, -1
 1327, -1
 1328, -1
 1329, -1
 1330, -1
 1331, -1
 1332, -1
 1333, -1
 1334, -1
 1335, -1
 1336, -1
 1337, -1
 1338, -1
 1339, -1
 1340, -1
 1341, -1
 1342, -1
 1343, -1
 1344, 0
 1345, 0
 1346, 0
 1347, 0
 1348, 0
 1349, 0
 1350, 0
 1351, 0
 1352, -1
 1353, -1
 1354, -1
 1355, -1
 1356, -1
 1357, -1
 1358, -1
 1359, -1
 1360, -34
 1361, -109
 1362, -121
 1363, -123
 1364, 90
 1365, -45
 1366, -20
 1367, 63
 1368, -49
 1369, 102
 1370, -43
 1371, -25
 1372, 106
 1373, 43
 1374, -38
 1375, -65
 1376, 0
 1377, 0
 1378, 0
 1379, 0
 1380, 0
 1381, 0
 1382, -16
 1383, 63
 1384, -1
 1385, -1
 1386, -1
 1387, -1
 1388, -1
 1389, -1
 1390, -1
 1391, -1
 1392, -1
 1393, -1
 1394, -1
 1395, -1
 1396, -1
 1397, -1
 1398, -1
 1399, -1
 1400, 0
 1401, 0
 1402, 0
 1403, 0
 1404, 0
 1405, 0
 1406, 0
 1407, 0
 1408, 123
 1409, -117
 1410, -30
 1411, -80
 1412, -113
 1413, -87
 1414, 70
 1415, 63
 1416, -102
 1417, -103
 1418, -103
 1419, -103
 1420, -103
 1421, -103
 1422, -87
 1423, 63
 1424, 39
 1425, 49
 1426, 8
 1427, -84
 1428, 28
 1429, 90
 1430, -42
 1431, 63
 1432, -1
 1433, -1
 1434, -1
 1435, -1
 1436, -1
 1437, -1
 1438, -1
 1439, -1
 1440, 0
 1441, 0
 1442, 0
 1443, 0
 1444, 0
 1445, 0
 1446, 0
 1447, 0
 1448, 0
 1449, 0
 1450, 0
 1451, 0
 1452, 0
 1453, 0
 1454, 0
 1455, 0
 1456, 0
 1457, 0
 1458, 0
 1459, 0
 1460, 0
 1461, 0
 1462, 0
 1463, 0
 1464, -4
 1465, -87
 1466, -15
 1467, -46
 1468, 77
 1469, 98
 1470, 96
 1471, 63
 1472, 123
 1473, 20
 1474, -82
 1475, 71
 1476, -31
 1477, 122
 1478, 116
 1479, 63
 1480, 102
 1481, 102
 1482, 102
 1483, 102
 1484, -2
 1485, -79
 1486, 22
 1487, 65
 1488, 0
 1489, 0
 1490, 0
 1491, 0
 1492, 24
 1493, 17
 1494, -7
 1495, 64
 1496, 0
 1497, 0
 1498, 0
 1499, 0
 1500, 0
 1501, -69
 1502, -78
 1503, 64
 1504, 0
 1505, 0
 1506, 0
 1507, 0
 1508, 0
 1509, 0
 1510, 0
 1511, 0
 1512, -102
 1513, -103
 1514, -103
 1515, -103
 1516, -103
 1517, -103
 1518, 34
 1519, 64
 1520, -96
 1521, 26
 1522, 47
 1523, -35
 1524, 36
 1525, 6
 1526, -39
 1527, 63
 1528, 90
 1529, 100
 1530, 59
 1531, -33
 1532, 79
 1533, -115
 1534, -25
 1535, 63
 1536, 0
 1537, 0
 1538, 0
 1539, 0
 1540, 0
 1541, 0
 1542, 0
 1543, 0
 1544, 0
 1545, 0
 1546, 0
 1547, 0
 1548, 0
 1549, 0
 1550, 0
 1551, 0
 1552, -61
 1553, -11
 1554, 40
 1555, 92
 1556, -113
 1557, -62
 1558, -43
 1559, 63
 1560, -1
 1561, -1
 1562, -1
 1563, -1
 1564, -1
 1565, -1
 1566, -1
 1567, -1
 1568, -1
 1569, -1
 1570, -1
 1571, -1
 1572, -1
 1573, -1
 1574, -1
 1575, -1
 1576, 31
 1577, -123
 1578, -21
 1579, 81
 1580, -72
 1581, -98
 1582, 35
 1583, -64
 1584, -1
 1585, -1
 1586, -1
 1587, -1
 1588, -1
 1589, -1
 1590, -1
 1591, -1
 1592, 0
 1593, 0
 1594, 0
 1595, 0
 1596, 0
 1597, 0
 1598, 0
 1599, 0
 1600, 0
 1601, 0
 1602, 0
 1603, 0
 1604, 0
 1605, 0
 1606, -32
 1607, 63
 1608, 0
 1609, 0
 1610, 0
 1611, 0
 1612, 0
 1613, 0
 1614, -32
 1615, 63
 1616, -1
 1617, -1
 1618, -1
 1619, -1
 1620, -1
 1621, -1
 1622, -1
 1623, -1
 1624, -1
 1625, -1
 1626, -1
 1627, -1
 1628, -1
 1629, -1
 1630, -1
 1631, -1
 1632, -1
 1633, -1
 1634, -1
 1635, -1
 1636, -1
 1637, -1
 1638, -1
 1639, -1
 1640, -1
 1641, -1
 1642, -1
 1643, -1
 1644, -1
 1645, -1
 1646, -1
 1647, -1
 1648, 51
 1649, 51
 1650, 51
 1651, 51
 1652, 51
 1653, 51
 1654, -29
 1655, 63
 1656, -1
 1657, -1
 1658, -1
 1659, -1
 1660, -1
 1661, -1
 1662, -1
 1663, -1
 1664, -1
 1665, -1
 1666, -1
 1667, -1
 1668, -1
 1669, -1
 1670, -1
 1671, -1
 1672, 58
 1673, -110
 1674, -53
 1675, 127
 1676, 72
 1677, -65
 1678, -13
 1679, -65
 1680, 41
 1681, 92
 1682, -113
 1683, -62
 1684, -11
 1685, 40
 1686, -15
 1687, 63
 1688, -1
 1689, -1
 1690, -1
 1691, -1
 1692, -1
 1693, -1
 1694, -1
 1695, -1
 1696, -1
 1697, -1
 1698, -1
 1699, -1
 1700, -1
 1701, -1
 1702, -1
 1703, -1
 1704, -1
 1705, -1
 1706, -1
 1707, -1
 1708, -1
 1709, -1
 1710, -1
 1711, -1
 1712, -1
 1713, -1
 1714, -1
 1715, -1
 1716, -1
 1717, -1
 1718, -1
 1719, -1
 1720, -1
 1721, -1
 1722, -1
 1723, -1
 1724, -1
 1725, -1
 1726, -1
 1727, -1
 1728, -1
 1729, -1
 1730, -1
 1731, -1
 1732, -1
 1733, -1
 1734, -1
 1735, -1
 1736, -1
 1737, -1
 1738, -1
 1739, -1
 1740, -1
 1741, -1
 1742, -1
 1743, -1
 1744, -1
 1745, -1
 1746, -1
 1747, -1
 1748, -1
 1749, -1
 1750, -1
 1751, -1
 1752, 0
 1753, 0
 1754, 0
 1755, 0
 1756, 0
 1757, 0
 1758, -16
 1759, 63
 1760, 0
 1761, 0
 1762, 0
 1763, 0
 1764, 0
 1765, 0
 1766, 0
 1767, 0
 1768, 65
 1769, -15
 1770, 99
 1771, -52
 1772, 93
 1773, 75
 1774, -24
 1775, 63
 1776, -67
 1777, -29
 1778, 20
 1779, 29
 1780, -55
 1781, -27
 1782, -27
 1783, 63
 1784, 123
 1785, 20
 1786, -82
 1787, 71
 1788, -31
 1789, 122
 1790, -124
 1791, 63
 1792, 123
 1793, 20
 1794, -82
 1795, 71
 1796, -31
 1797, 122
 1798, -124
 1799, 63
 1800, -1
 1801, -1
 1802, -1
 1803, -1
 1804, -1
 1805, -1
 1806, -1
 1807, -1
 1808, 0
 1809, 0
 1810, 0
 1811, 0
 1812, -128
 1813, -124
 1814, 62
 1815, 65
 1816, -4
 1817, -87
 1818, -15
 1819, -46
 1820, 77
 1821, 98
 1822, 48
 1823, 63
 1824, -1
 1825, -1
 1826, -1
 1827, -1
 1828, -1
 1829, -1
 1830, -1
 1831, -1
 1832, 0
 1833, 0
 1834, 0
 1835, 0
 1836, 0
 1837, 0
 1838, 0
 1839, 0
 1840, -8
 1841, 83
 1842, -29
 1843, -91
 1844, -101
 1845, -60
 1846, 10
 1847, 64
 1848, -6
 1849, 126
 1850, 106
 1851, -68
 1852, 116
 1853, -109
 1854, -16
 1855, 63
 1856, 115
 1857, 104
 1858, -111
 1859, -19
 1860, 124
 1861, -97
 1862, 49
 1863, 64
 1864, 59
 1865, -33
 1866, 79
 1867, -115
 1868, -105
 1869, 110
 1870, -70
 1871, 63
 1872, 24
 1873, 120
 1874, -18
 1875, 61
 1876, 92
 1877, 114
 1878, -100
 1879, -65
 1880, -102
 1881, -50
 1882, 78
 1883, 6
 1884, 71
 1885, -55
 1886, -57
 1887, 63
 1888, -111
 1889, 15
 1890, 122
 1891, 54
 1892, -85
 1893, 62
 1894, -105
 1895, 63
 1896, 39
 1897, 49
 1898, 8
 1899, -84
 1900, 28
 1901, 90
 1902, 19
 1903, 64
 1904, 0
 1905, 0
 1906, 0
 1907, 0
 1908, 0
 1909, 0
 1910, 0
 1911, 0
 1912, -1
 1913, -1
 1914, -1
 1915, -1
 1916, -1
 1917, -1
 1918, -1
 1919, -1
 1920, -102
 1921, -103
 1922, -103
 1923, -103
 1924, -103
 1925, -103
 1926, -39
 1927, 63
 1928, 0
 1929, 0
 1930, 0
 1931, 0
 1932, 0
 1933, 0
 1934, 0
 1935, 0
 1936, 0
 1937, 0
 1938, 0
 1939, 0
 1940, 0
 1941, 0
 1942, 0
 1943, 0
 1944, 0
 1945, 0
 1946, 0
 1947, 0
 1948, 0
 1949, 0
 1950, -16
 1951, 63
 1952, -102
 1953, -103
 1954, -103
 1955, -103
 1956, -103
 1957, -103
 1958, -39
 1959, 63
 1960, 0
 1961, 0
 1962, 0
 1963, 0
 1964, 0
 1965, 0
 1966, 0
 1967, 0
 1968, 0
 1969, 0
 1970, 0
 1971, 0
 1972, 0
 1973, 0
 1974, 0
 1975, 0
 1976, 0
 1977, 0
 1978, 0
 1979, 0
 1980, 0
 1981, 0
 1982, 0
 1983, 0
 1984, 0
 1985, 0
 1986, 0
 1987, 0
 1988, 0
 1989, 0
 1990, -16
 1991, 63
 1992, 51
 1993, 51
 1994, 51
 1995, 51
 1996, 51
 1997, 51
 1998, -61
 1999, 63
 2000, 0
 2001, 0
 2002, 0
 2003, 0
 2004, 0
 2005, 0
 2006, 0
 2007, 0
 2008, 0
 2009, 0
 2010, 0
 2011, 0
 2012, 0
 2013, 0
 2014, 16
 2015, -64
 2016, 0
 2017, 0
 2018, 0
 2019, 0
 2020, 0
 2021, 0
 2022, -32
 2023, 63
 2024, 0
 2025, 0
 2026, 0
 2027, 0
 2028, 0
 2029, 0
 2030, 0
 2031, 0
 2032, 0
 2033, 0
 2034, 0
 2035, 0
 2036, 0
 2037, 0
 2038, 36
 2039, 64
 2040, -102
 2041, -103
 2042, -103
 2043, -103
 2044, -103
 2045, -103
 2046, -55
 2047, 63
 2048, -102
 2049, -103
 2050, -103
 2051, -103
 2052, -103
 2053, -103
 2054, -71
 2055, 63
 2056, -102
 2057, -103
 2058, -103
 2059, -103
 2060, -103
 2061, -103
 2062, -71
 2063, 63
 2064, 0
 2065, 0
 2066, 0
 2067, 0
 2068, 0
 2069, 0
 2070, -16
 2071, 63
 2072, 0
 2073, 0
 2074, 0
 2075, 0
 2076, 0
 2077, 0
 2078, 0
 2079, 0
 2080, 0
 2081, 0
 2082, 0
 2083, 0
 2084, 0
 2085, 0
 2086, 0
 2087, 0
 2088, 96
 2089, -27
 2090, -48
 2091, 34
 2092, -37
 2093, -7
 2094, -22
 2095, 63
 2096, -121
 2097, -89
 2098, 87
 2099, -54
 2100, 50
 2101, -60
 2102, -17
 2103, 63
 2104, -102
 2105, -103
 2106, -103
 2107, -103
 2108, -103
 2109, -103
 2110, -23
 2111, 63
 2112, 78
 2113, 98
 2114, 16
 2115, 88
 2116, 57
 2117, -76
 2118, -6
 2119, 63
 2120, 123
 2121, 20
 2122, -82
 2123, 71
 2124, -31
 2125, 122
 2126, -92
 2127, 63
 2128, 0
 2129, 0
 2130, 0
 2131, 0
 2132, 0
 2133, 0
 2134, 0
 2135, 0
 2136, 0
 2137, 0
 2138, 0
 2139, 0
 2140, 0
 2141, 0
 2142, 36
 2143, 64
 2144, 0
 2145, 0
 2146, 0
 2147, 0
 2148, 0
 2149, 0
 2150, 36
 2151, 64
 2152, 0
 2153, 0
 2154, 0
 2155, 0
 2156, 0
 2157, -37
 2158, 10
 2159, 65
 2160, 0
 2161, 0
 2162, 0
 2163, 0
 2164, 0
 2165, -37
 2166, 10
 2167, 65
 2168, 0
 2169, 0
 2170, 0
 2171, 0
 2172, 0
 2173, -120
 2174, -61
 2175, 64
 2176, 0
 2177, 0
 2178, 0
 2179, 0
 2180, -128
 2181, -124
 2182, 46
 2183, 65
 2184, -25
 2185, -5
 2186, -87
 2187, -15
 2188, -46
 2189, 77
 2190, -42
 2191, -65
 2192, -94
 2193, 127
 2194, -126
 2195, -117
 2196, 21
 2197, 53
 2198, -40
 2199, 63
 2200, 76
 2201, 84
 2202, 111
 2203, 13
 2204, 108
 2205, -107
 2206, -72
 2207, -65
 2208, -113
 2209, 112
 2210, 90
 2211, -16
 2212, -94
 2213, -81
 2214, -80
 2215, 63
 2216, -17
 2217, 56
 2218, 69
 2219, 71
 2220, 114
 2221, -7
 2222, -29
 2223, -65
 2224, 30
 2225, 27
 2226, -127
 2227, 120
 2228, 93
 2229, -65
 2230, -80
 2231, -65
 2232, 90
 2233, 47
 2234, -122
 2235, 114
 2236, -94
 2237, 93
 2238, -59
 2239, -65
 2240, 125
 2241, 92
 2242, 27
 2243, 42
 2244, -58
 2245, -7
 2246, -47
 2247, 63
 2248, 49
 2249, 8
 2250, -84
 2251, 28
 2252, 90
 2253, 100
 2254, -37
 2255, -65
 2256, -88
 2257, 87
 2258, -54
 2259, 50
 2260, -60
 2261, -79
 2262, -26
 2263, 63
 2264, -58
 2265, 22
 2266, -126
 2267, 28
 2268, -108
 2269, 48
 2270, -57
 2271, 63
 2272, 0
 2273, 0
 2274, 0
 2275, 0
 2276, 0
 2277, 0
 2278, 0
 2279, 0
 2280, 0
 2281, 0
 2282, 0
 2283, 0
 2284, 0
 2285, 0
 2286, 0
 2287, 0
 2288, 109
 2289, -59
 2290, -2
 2291, -78
 2292, 123
 2293, -14
 2294, -60
 2295, 63
 2296, 0
 2297, 0
 2298, 0
 2299, 0
 2300, 0
 2301, 0
 2302, 0
 2303, 0
 2304, 33
 2305, 7
 2306, 37
 2307, -52
 2308, -76
 2309, -3
 2310, -49
 2311, 63
 2312, 0
 2313, 0
 2314, 0
 2315, 0
 2316, 0
 2317, 0
 2318, 0
 2319, 0
 2320, -10
 2321, 40
 2322, 92
 2323, -113
 2324, -62
 2325, 5
 2326, 83
 2327, 64
 2328, -82
 2329, 71
 2330, -31
 2331, 122
 2332, 20
 2333, -114
 2334, 69
 2335, 64
 2336, 92
 2337, -113
 2338, -62
 2339, -11
 2340, 40
 2341, 124
 2342, 79
 2343, 64
 2344, -51
 2345, -52
 2346, -52
 2347, -52
 2348, -52
 2349, 12
 2350, 74
 2351, 64
 2352, 91
 2353, -108
 2354, -39
 2355, 32
 2356, -109
 2357, -116
 2358, -84
 2359, 63
 2360, -102
 2361, -103
 2362, -103
 2363, -103
 2364, -103
 2365, -103
 2366, -71
 2367, 63
 2368, 80
 2369, 112
 2370, -79
 2371, -94
 2372, 6
 2373, -45
 2374, -88
 2375, 63
 2376, -102
 2377, -103
 2378, -103
 2379, -103
 2380, -103
 2381, -103
 2382, -71
 2383, 63
 2384, -1
 2385, -1
 2386, -1
 2387, -1
 2388, -1
 2389, -1
 2390, -1
 2391, -1
 2392, -1
 2393, -1
 2394, -1
 2395, -1
 2396, -1
 2397, -1
 2398, -1
 2399, -1
 2400, -1
 2401, -1
 2402, -1
 2403, -1
 2404, -1
 2405, -1
 2406, -1
 2407, -1
 2408, -1
 2409, -1
 2410, -1
 2411, -1
 2412, -1
 2413, -1
 2414, -1
 2415, -1
 2416, -1
 2417, -1
 2418, -1
 2419, -1
 2420, -1
 2421, -1
 2422, -1
 2423, -1
 2424, -1
 2425, -1
 2426, -1
 2427, -1
 2428, -1
 2429, -1
 2430, -1
 2431, -1
 2432, -1
 2433, -1
 2434, -1
 2435, -1
 2436, -1
 2437, -1
 2438, -1
 2439, -1
 2440, -1
 2441, -1
 2442, -1
 2443, -1
 2444, -1
 2445, -1
 2446, -1
 2447, -1
 2448, -1
 2449, -1
 2450, -1
 2451, -1
 2452, -1
 2453, -1
 2454, -1
 2455, -1
 2456, -1
 2457, -1
 2458, -1
 2459, -1
 2460, -1
 2461, -1
 2462, -1
 2463, -1
 2464, -1
 2465, -1
 2466, -1
 2467, -1
 2468, -1
 2469, -1
 2470, -1
 2471, -1
 2472, -1
 2473, -1
 2474, -1
 2475, -1
 2476, -1
 2477, -1
 2478, -1
 2479, -1
 2480, -1
 2481, -1
 2482, -1
 2483, -1
 2484, -1
 2485, -1
 2486, -1
 2487, -1
 2488, -1
 2489, -1
 2490, -1
 2491, -1
 2492, -1
 2493, -1
 2494, -1
 2495, -1
 2496, -1
 2497, -1
 2498, -1
 2499, -1
 2500, -1
 2501, -1
 2502, -1
 2503, -1
 2504, -1
 2505, -1
 2506, -1
 2507, -1
 2508, -1
 2509, -1
 2510, -1
 2511, -1
 2512, -1
 2513, -1
 2514, -1
 2515, -1
 2516, -1
 2517, -1
 2518, -1
 2519, -1
 2520, -1
 2521, -1
 2522, -1
 2523, -1
 2524, -1
 2525, -1
 2526, -1
 2527, -1
 2528, -1
 2529, -1
 2530, -1
 2531, -1
 2532, -1
 2533, -1
 2534, -1
 2535, -1
 2536, -1
 2537, -1
 2538, -1
 2539, -1
 2540, -1
 2541, -1
 2542, -1
 2543, -1
 2544, -1
 2545, -1
 2546, -1
 2547, -1
 2548, -1
 2549, -1
 2550, -1
 2551, -1
 2552, -1
 2553, -1
 2554, -1
 2555, -1
 2556, -1
 2557, -1
 2558, -1
 2559, -1
 2560, -1
 2561, -1
 2562, -1
 2563, -1
 2564, -1
 2565, -1
 2566, -1
 2567, -1
 2568, -1
 2569, -1
 2570, -1
 2571, -1
 2572, -1
 2573, -1
 2574, -1
 2575, -1
 2576, -1
 2577, -1
 2578, -1
 2579, -1
 2580, -1
 2581, -1
 2582, -1
 2583, -1
 2584, -1
 2585, -1
 2586, -1
 2587, -1
 2588, -1
 2589, -1
 2590, -1
 2591, -1
 2592, -1
 2593, -1
 2594, -1
 2595, -1
 2596, -1
 2597, -1
 2598, -1
 2599, -1
 2600, -1
 2601, -1
 2602, -1
 2603, -1
 2604, -1
 2605, -1
 2606, -1
 2607, -1
 2608, -1
 2609, -1
 2610, -1
 2611, -1
 2612, -1
 2613, -1
 2614, -1
 2615, -1
 2616, -1
 2617, -1
 2618, -1
 2619, -1
 2620, -1
 2621, -1
 2622, -1
 2623, -1
 2624, -1
 2625, -1
 2626, -1
 2627, -1
 2628, -1
 2629, -1
 2630, -1
 2631, -1
 2632, -1
 2633, -1
 2634, -1
 2635, -1
 2636, -1
 2637, -1
 2638, -1
 2639, -1
 2640, -1
 2641, -1
 2642, -1
 2643, -1
 2644, -1
 2645, -1
 2646, -1
 2647, -1
 2648, -1
 2649, -1
 2650, -1
 2651, -1
 2652, -1
 2653, -1
 2654, -1
 2655, -1
 2656, -1
 2657, -1
 2658, -1
 2659, -1
 2660, -1
 2661, -1
 2662, -1
 2663, -1
 2664, -1
 2665, -1
 2666, -1
 2667, -1
 2668, -1
 2669, -1
 2670, -1
 2671, -1
 2672, -1
 2673, -1
 2674, -1
 2675, -1
 2676, -1
 2677, -1
 2678, -1
 2679, -1
 2680, -1
 2681, -1
 2682, -1
 2683, -1
 2684, -1
 2685, -1
 2686, -1
 2687, -1
 2688, -1
 2689, -1
 2690, -1
 2691, -1
 2692, -1
 2693, -1
 2694, -1
 2695, -1
 2696, -1
 2697, -1
 2698, -1
 2699, -1
 2700, -1
 2701, -1
 2702, -1
 2703, -1
 2704, -1
 2705, -1
 2706, -1
 2707, -1
 2708, -1
 2709, -1
 2710, -1
 2711, -1
 2712, -1
 2713, -1
 2714, -1
 2715, -1
 2716, -1
 2717, -1
 2718, -1
 2719, -1
 2720, -1
 2721, -1
 2722, -1
 2723, -1
 2724, -1
 2725, -1
 2726, -1
 2727, -1
 2728, -1
 2729, -1
 2730, -1
 2731, -1
 2732, -1
 2733, -1
 2734, -1
 2735, -1
 2736, -1
 2737, -1
 2738, -1
 2739, -1
 2740, -1
 2741, -1
 2742, -1
 2743, -1
 2744, -1
 2745, -1
 2746, -1
 2747, -1
 2748, -1
 2749, -1
 2750, -1
 2751, -1
 2752, -1
 2753, -1
 2754, -1
 2755, -1
 2756, -1
 2757, -1
 2758, -1
 2759, -1
 2760, -1
 2761, -1
 2762, -1
 2763, -1
 2764, -1
 2765, -1
 2766, -1
 2767, -1
 2768, -1
 2769, -1
 2770, -1
 2771, -1
 2772, -1
 2773, -1
 2774, -1
 2775, -1
 2776, -1
 2777, -1
 2778, -1
 2779, -1
 2780, -1
 2781, -1
 2782, -1
 2783, -1
 2784, -1
 2785, -1
 2786, -1
 2787, -1
 2788, -1
 2789, -1
 2790, -1
 2791, -1
 2792, -1
 2793, -1
 2794, -1
 2795, -1
 2796, -1
 2797, -1
 2798, -1
 2799, -1
 2800, -1
 2801, -1
 2802, -1
 2803, -1
 2804, -1
 2805, -1
 2806, -1
 2807, -1
 2808, -1
 2809, -1
 2810, -1
 2811, -1
 2812, -1
 2813, -1
 2814, -1
 2815, -1
 2816, -1
 2817, -1
 2818, -1
 2819, -1
 2820, -1
 2821, -1
 2822, -1
 2823, -1
 2824, -1
 2825, -1
 2826, -1
 2827, -1
 2828, -1
 2829, -1
 2830, -1
 2831, -1
 2832, -1
 2833, -1
 2834, -1
 2835, -1
 2836, -1
 2837, -1
 2838, -1
 2839, -1
 2840, -1
 2841, -1
 2842, -1
 2843, -1
 2844, -1
 2845, -1
 2846, -1
 2847, -1
 2848, -1
 2849, -1
 2850, -1
 2851, -1
 2852, -1
 2853, -1
 2854, -1
 2855, -1
 2856, -1
 2857, -1
 2858, -1
 2859, -1
 2860, -1
 2861, -1
 2862, -1
 2863, -1
 2864, -1
 2865, -1
 2866, -1
 2867, -1
 2868, -1
 2869, -1
 2870, -1
 2871, -1
 2872, -1
 2873, -1
 2874, -1
 2875, -1
 2876, -1
 2877, -1
 2878, -1
 2879, -1
 2880, -1
 2881, -1
 2882, -1
 2883, -1
 2884, -1
 2885, -1
 2886, -1
 2887, -1
 2888, -1
 2889, -1
 2890, -1
 2891, -1
 2892, -1
 2893, -1
 2894, -1
 2895, -1
 2896, -1
 2897, -1
 2898, -1
 2899, -1
 2900, -1
 2901, -1
 2902, -1
 2903, -1
 2904, -1
 2905, -1
 2906, -1
 2907, -1
 2908, -1
 2909, -1
 2910, -1
 2911, -1
 2912, -1
 2913, -1
 2914, -1
 2915, -1
 2916, -1
 2917, -1
 2918, -1
 2919, -1
 2920, -1
 2921, -1
 2922, -1
 2923, -1
 2924, -1
 2925, -1
 2926, -1
 2927, -1
 2928, -1
 2929, -1
 2930, -1
 2931, -1
 2932, -1
 2933, -1
 2934, -1
 2935, -1
 2936, -1
 2937, -1
 2938, -1
 2939, -1
 2940, -1
 2941, -1
 2942, -1
 2943, -1
 2944, -1
 2945, -1
 2946, -1
 2947, -1
 2948, -1
 2949, -1
 2950, -1
 2951, -1
 2952, -1
 2953, -1
 2954, -1
 2955, -1
 2956, -1
 2957, -1
 2958, -1
 2959, -1
 2960, -1
 2961, -1
 2962, -1
 2963, -1
 2964, -1
 2965, -1
 2966, -1
 2967, -1
 2968, -1
 2969, -1
 2970, -1
 2971, -1
 2972, -1
 2973, -1
 2974, -1
 2975, -1
 2976, -1
 2977, -1
 2978, -1
 2979, -1
 2980, -1
 2981, -1
 2982, -1
 2983, -1
 2984, -1
 2985, -1
 2986, -1
 2987, -1
 2988, -1
 2989, -1
 2990, -1
 2991, -1
 2992, -1
 2993, -1
 2994, -1
 2995, -1
 2996, -1
 2997, -1
 2998, -1
 2999, -1
 3000, -1
 3001, -1
 3002, -1
 3003, -1
 3004, -1
 3005, -1
 3006, -1
 3007, -1
 3008, -1
 3009, -1
 3010, -1
 3011, -1
 3012, -1
 3013, -1
 3014, -1
 3015, -1
 3016, -1
 3017, -1
 3018, -1
 3019, -1
 3020, -1
 3021, -1
 3022, -1
 3023, -1
 3024, -1
 3025, -1
 3026, -1
 3027, -1
 3028, -1
 3029, -1
 3030, -1
 3031, -1
 3032, -1
 3033, -1
 3034, -1
 3035, -1
 3036, -1
 3037, -1
 3038, -1
 3039, -1
 3040, -1
 3041, -1
 3042, -1
 3043, -1
 3044, -1
 3045, -1
 3046, -1
 3047, -1
 3048, -1
 3049, -1
 3050, -1
 3051, -1
 3052, -1
 3053, -1
 3054, -1
 3055, -1
 3056, -1
 3057, -1
 3058, -1
 3059, -1
 3060, -1
 3061, -1
 3062, -1
 3063, -1
 3064, -1
 3065, -1
 3066, -1
 3067, -1
 3068, -1
 3069, -1
 3070, -1
 3071, -1
 3072, -1
 3073, -1
 3074, -1
 3075, -1
 3076, -1
 3077, -1
 3078, -1
 3079, -1
 3080, -1
 3081, -1
 3082, -1
 3083, -1
 3084, -1
 3085, -1
 3086, -1
 3087, -1
 3088, -1
 3089, -1
 3090, -1
 3091, -1
 3092, -1
 3093, -1
 3094, -1
 3095, -1
 3096, -1
 3097, -1
 3098, -1
 3099, -1
 3100, -1
 3101, -1
 3102, -1
 3103, -1
 3104, -1
 3105, -1
 3106, -1
 3107, -1
 3108, -1
 3109, -1
 3110, -1
 3111, -1
 3112, -1
 3113, -1
 3114, -1
 3115, -1
 3116, -1
 3117, -1
 3118, -1
 3119, -1
 3120, -1
 3121, -1
 3122, -1
 3123, -1
 3124, -1
 3125, -1
 3126, -1
 3127, -1
 3128, -1
 3129, -1
 3130, -1
 3131, -1
 3132, -1
 3133, -1
 3134, -1
 3135, -1
 3136, -1
 3137, -1
 3138, -1
 3139, -1
 3140, -1
 3141, -1
 3142, -1
 3143, -1
 3144, -1
 3145, -1
 3146, -1
 3147, -1
 3148, -1
 3149, -1
 3150, -1
 3151, -1
 3152, -1
 3153, -1
 3154, -1
 3155, -1
 3156, -1
 3157, -1
 3158, -1
 3159, -1
 3160, -1
 3161, -1
 3162, -1
 3163, -1
 3164, -1
 3165, -1
 3166, -1
 3167, -1
 3168, -1
 3169, -1
 3170, -1
 3171, -1
 3172, -1
 3173, -1
 3174, -1
 3175, -1
 3176, -1
 3177, -1
 3178, -1
 3179, -1
 3180, -1
 3181, -1
 3182, -1
 3183, -1
 3184, -1
 3185, -1
 3186, -1
 3187, -1
 3188, -1
 3189, -1
 3190, -1
 3191, -1
 3192, -1
 3193, -1
 3194, -1
 3195, -1
 3196, -1
 3197, -1
 3198, -1
 3199, -1
ENDTABLE
STI_TYPARR_GAIN     1 ! [D] Multiplied with calculated value to get Property value
STI_TYPARR_OFFSET   0 ; - ! [D] Added (after gain) to get Property value

! Z_PROFILE: "Wandering profile" (roughness input). Elevation increment is a
! function of distance travelled (CONSTANT or TABLE). Elevation increment from the
! calculation can be adjusted with Z_PROFILE_GAIN and Z_PROFILE_OFFSET. Distance
! travelled used in the calculation can be adjusted with SSCALE_Z_PROFILE and
! SSTART_Z_PROFILE. The derivative of this function is used internally. This
! configurable function supports 2 datasets; if indices shown below are not used,
! e.g., (2), the current value of the index ISIDE is used to identify the dataset
! when reading data.

Z_PROFILE_CONSTANT(1) 0 ; mm ! [D] Elevation increment
Z_PROFILE_OFFSET(1) 0 ; mm ! [D] Added to get elevation increment

Z_PROFILE_CONSTANT(2) 0 ; mm ! [D] Elevation increment
Z_PROFILE_OFFSET(2) 0 ; mm ! [D] Added to get elevation increment

!------------------------------------------------------------------------------------
! EXTERNAL TIRE MODULE API
!------------------------------------------------------------------------------------
EXTERNAL_TIRE_MODULE_DLL D:\product_dev\trunk\Image\CarSim\Core\CarSim_Prog\Programs\solvers\\mfswift_carsim_2312.dll64
INSTALL_EXTERNAL_TIRE_API ! Command to load the specified external module

! Simcenter Tire MF-Tyre/MF-Swift model: set context in VS model for axle 1, left side
IAXLE  1
ISIDE  1
! Simcenter Tire MF-Tyre/MF-Swift property file and DLL location
DELFT_TYRE_DLL 
DELFT_TYRE_SW   31104 ! Operating mode of Simcenter Tire MF-Tyre/MF-Swift model
DELFT_TYRE_TVM      0 ! Temperature mode of Simcenter Tire MF-Tyre/MF-Swift model
DELFT_TYRE_INIT



END
