PARSFILE
#FullDataName Steering System: Kinematics for 2 Wheels (Recirc. Ball)`Pickup, Lifted`CS Pickup Trucks
#CheckBox0 0    

#RingCtrl0 SPLINE
#RingCtrl1 SPLINE

iside 2
#DiagramOne0
STEER_KIN_TABLE SPLINE
-25, -29.79594421
-24.5, -29.1783638
-24, -28.5612545
-23.5, -27.94465637
-23, -27.32861328
-22.5, -26.71316528
-22, -26.09834862
-21.5, -25.48420334
-21, -24.87075996
-20.5, -24.25805473
-20, -23.64611626
-19.5, -23.03497696
-19, -22.42466354
-18.5, -21.81520271
-18, -21.20661926
-17.5, -20.5989399
-17, -19.99218369
-16.5, -19.38637543
-16, -18.78153229
-15.5, -18.17767525
-15, -17.57481956
-14.5, -16.97298431
-14, -16.37218285
-13.5, -15.77243042
-13, -15.17373848
-12.5, -14.57611942
-12, -13.97958469
-11.5, -13.38414478
-11, -12.78980637
-10.5, -12.19657898
-10, -11.60447025
-9.5, -11.013484
-9, -10.42362595
-8.5, -9.834900856
-8, -9.247312546
-7.5, -8.660862923
-7, -8.07555294
-6.5, -7.491383553
-6, -6.908355713
-5.5, -6.326467991
-5, -5.745718956
-4.5, -5.166106701
-4, -4.587627411
-3.5, -4.010277748
-3, -3.434053659
-2.5, -2.858949423
-2, -2.284959316
-1.5, -1.712076783
-1, -1.14029479
-0.5, -0.56960535
0, -4.44e-08
0.5, 0.568530321
1, 1.135995507
1.5, 1.70240593
2, 2.267772675
2.5, 2.832107067
3, 3.395421743
3.5, 3.95772934
4, 4.519042969
4.5, 5.079377174
5, 5.638746738
5.5, 6.197165966
6, 6.754651546
6.5, 7.311219215
7, 7.866886139
7.5, 8.42166996
8, 8.975588799
8.5, 9.528660774
9, 10.08090591
9.5, 10.63234425
10, 11.18299484
10.5, 11.73288059
11, 12.28202248
11.5, 12.83044338
12, 13.37816429
12.5, 13.92521095
13, 14.47160625
13.5, 15.01737499
14, 15.56254387
14.5, 16.10713768
15, 16.65118408
15.5, 17.19471169
16, 17.73774529
16.5, 18.28031731
17, 18.82245636
17.5, 19.36419296
18, 19.90555763
18.5, 20.4465847
19, 20.98730469
19.5, 21.52775192
20, 22.06796265
20.5, 22.60796928
21, 23.1478138
21.5, 23.68752861
22, 24.22715569
22.5, 24.76673126
23, 25.30630112
23.5, 25.84590149
24, 26.38558006
24.5, 26.92538071
25, 27.46534538
ENDTABLE

iside 1
#DiagramOne1
STEER_KIN_TABLE SPLINE
-25, -25.36995888
-24.5, -24.93427849
-24, -24.49506569
-23.5, -24.05237198
-23, -23.60625076
-22.5, -23.15675163
-22, -22.70392036
-21.5, -22.24781036
-21, -21.7884655
-20.5, -21.32593155
-20, -20.86025238
-19.5, -20.39147377
-19, -19.91963768
-18.5, -19.44478226
-18, -18.96694946
-17.5, -18.48617744
-17, -18.00250053
-16.5, -17.51595879
-16, -17.02658272
-15.5, -16.53440857
-15, -16.03946304
-14.5, -15.54178143
-14, -15.04138851
-13.5, -14.53831387
-13, -14.03258228
-12.5, -13.52421856
-12, -13.01324558
-11.5, -12.49968433
-11, -11.98355579
-10.5, -11.46487808
-10, -10.94366741
-9.5, -10.41993999
-9, -9.893710136
-8.5, -9.364990234
-8, -8.833789825
-7.5, -8.3001194
-7, -7.763987064
-6.5, -7.225398541
-6, -6.684357643
-5.5, -6.140868187
-5, -5.594931126
-4.5, -5.046546459
-4, -4.495711327
-3.5, -3.94242239
-3, -3.386674166
-2.5, -2.828459263
-2, -2.267768383
-1.5, -1.704590917
-1, -1.138913751
-0.5, -0.570722401
0, -3.21e-08
0.5, 0.57327193
1, 1.149114132
1.5, 1.727549315
2, 2.308602571
2.5, 2.892300606
3, 3.47867322
3.5, 4.067751884
4, 4.659570694
4.5, 5.254166126
5, 5.851577282
5.5, 6.4518466
6, 7.055017471
6.5, 7.661138058
7, 8.27025795
7.5, 8.882431984
8, 9.497714996
8.5, 10.11616802
9, 10.737854
9.5, 11.36284065
10, 11.99119854
10.5, 12.62300301
11, 13.25833321
11.5, 13.89727211
12, 14.53990841
12.5, 15.18633556
13, 15.8366518
13.5, 16.49096107
14, 17.14937401
14.5, 17.812006
15, 18.47898102
15.5, 19.15042496
16, 19.82647896
16.5, 20.50728607
17, 21.19300079
17.5, 21.88378525
18, 22.579813
18.5, 23.28126526
19, 23.98833656
19.5, 24.70123482
20, 25.42017937
20.5, 26.14540291
21, 26.87715721
21.5, 27.61570549
22, 28.36133385
22.5, 29.11434746
23, 29.87507248
23.5, 30.64385796
24, 31.42107964
24.5, 32.20714569
25, 33.00249481
ENDTABLE
#RadioCtrl0 0    
#RadioCtrl1 0    



#EMBEDDED_NOTES
#Recirculating-ball type steer kinematics for an offroad-oriented truck front suspension, generated using SuspensionSim.
#END_EMBEDDED_NOTES

LOG_ENTRY Used Dataset: Steering System: Kinematics for 2 Wheels (Recirc. Ball); { CS Pickup Trucks } Pickup, Lifted
#Library : Steering System: Kinematics for 2 Wheels (Recirc. Ball)
#DataSet : Pickup, Lifted
#Category: CS Pickup Trucks
#FileID  : StrKin2_f70125b4-4a14-464d-8fca-146ac6395d6a
#Modified: 05-28-2021 14:59:15
#Product : CarSim 2024.1
#DataVer : 2024.1
#VehCode Steer Kinematics

END
