PARSFILE
#FullDataName Steering System: Kinematics for 2 Wheels (Recirc. Ball)`D-Class, SUV, Parallelogram Linkage`CS Utility Vehicles: SUVs and Vans
#CheckBox0 0    

#RingCtrl0 SPLINE
#RingCtrl1 SPLINE

iside 2
#DiagramOne0
STEER_KIN_TABLE SPLINE
-36, 30.905
-35.64, 30.63
-35.28, 30.354
-34.92, 30.079
-34.56, 29.802
-34.2, 29.526
-33.84, 29.249
-33.48, 28.972
-33.12, 28.694
-32.76, 28.416
-32.4, 28.137
-32.04, 27.858
-31.68, 27.578
-31.32, 27.298
-30.96, 27.018
-30.6, 26.737
-30.24, 26.456
-29.88, 26.174
-29.52, 25.891
-29.16, 25.608
-28.8, 25.325
-28.44, 25.041
-28.08, 24.756
-27.72, 24.471
-27.36, 24.185
-27, 23.899
-26.64, 23.612
-26.28, 23.324
-25.92, 23.036
-25.56, 22.747
-25.2, 22.458
-24.84, 22.167
-24.48, 21.877
-24.12, 21.585
-23.76, 21.293
-23.4, 21
-23.04, 20.707
-22.68, 20.413
-22.32, 20.118
-21.96, 19.822
-21.6, 19.526
-21.24, 19.229
-20.88, 18.931
-20.52, 18.632
-20.16, 18.333
-19.8, 18.032
-19.44, 17.731
-19.08, 17.429
-18.72, 17.127
-18.36, 16.823
-18, 16.519
-17.64, 16.214
-17.28, 15.908
-16.92, 15.601
-16.56, 15.293
-16.2, 14.984
-15.84, 14.674
-15.48, 14.364
-15.12, 14.052
-14.76, 13.74
-14.4, 13.427
-14.04, 13.112
-13.68, 12.797
-13.32, 12.481
-12.96, 12.164
-12.6, 11.845
-12.24, 11.526
-11.88, 11.206
-11.52, 10.884
-11.16, 10.562
-10.8, 10.239
-10.44, 9.9141
-10.08, 9.5886
-9.72, 9.262
-9.36, 8.9343
-9, 8.6055
-8.64, 8.2756
-8.28, 7.9445
-7.92, 7.6123
-7.56, 7.279
-7.2, 6.9446
-6.84, 6.609
-6.48, 6.2722
-6.12, 5.9342
-5.76, 5.5951
-5.4, 5.2547
-5.04, 4.9132
-4.68, 4.5704
-4.32, 4.2264
-3.96, 3.8812
-3.6, 3.5348
-3.24, 3.187
-2.88, 2.8381
-2.52, 2.4878
-2.16, 2.1363
-1.8, 1.7835
-1.44, 1.4294
-1.08, 1.074
-0.72, 0.71735
-0.36, 0.35934
4.1411e-14, 0
0.36, -0.36067
0.72, -0.72267
1.08, -1.086
1.44, -1.4507
1.8, -1.8168
2.16, -2.1842
2.52, -2.553
2.88, -2.9232
3.24, -3.2947
3.6, -3.6677
3.96, -4.042
4.32, -4.4178
4.68, -4.795
5.04, -5.1735
5.4, -5.5535
5.76, -5.9349
6.12, -6.3177
6.48, -6.702
6.84, -7.0877
7.2, -7.4748
7.56, -7.8634
7.92, -8.2534
8.28, -8.6448
8.64, -9.0377
9, -9.4321
9.36, -9.8279
9.72, -10.225
10.08, -10.624
10.44, -11.024
10.8, -11.426
11.16, -11.829
11.52, -12.233
11.88, -12.639
12.24, -13.047
12.6, -13.456
12.96, -13.866
13.32, -14.278
13.68, -14.691
14.04, -15.106
14.4, -15.522
14.76, -15.939
15.12, -16.358
15.48, -16.779
15.84, -17.201
16.2, -17.624
16.56, -18.049
16.92, -18.475
17.28, -18.902
17.64, -19.331
18, -19.761
18.36, -20.193
18.72, -20.626
19.08, -21.06
19.44, -21.496
19.8, -21.933
20.16, -22.371
20.52, -22.811
20.88, -23.252
21.24, -23.695
21.6, -24.138
21.96, -24.583
22.32, -25.029
22.68, -25.477
23.04, -25.925
23.4, -26.375
23.76, -26.826
24.12, -27.278
24.48, -27.732
24.84, -28.186
25.2, -28.642
25.56, -29.099
25.92, -29.557
26.28, -30.016
26.64, -30.476
27, -30.937
27.36, -31.399
27.72, -31.862
28.08, -32.326
28.44, -32.791
28.8, -33.257
29.16, -33.724
29.52, -34.192
29.88, -34.661
30.24, -35.131
30.6, -35.601
30.96, -36.072
31.32, -36.544
31.68, -37.017
32.04, -37.49
32.4, -37.965
32.76, -38.439
33.12, -38.915
33.48, -39.391
33.84, -39.868
34.2, -40.345
34.56, -40.823
34.92, -41.301
35.28, -41.78
35.64, -42.259
36, -42.739
ENDTABLE

iside 1
#DiagramOne1
STEER_KIN_TABLE SPLINE
-36, 42.739
-35.64, 42.259
-35.28, 41.78
-34.92, 41.301
-34.56, 40.823
-34.2, 40.345
-33.84, 39.868
-33.48, 39.391
-33.12, 38.915
-32.76, 38.439
-32.4, 37.965
-32.04, 37.49
-31.68, 37.017
-31.32, 36.544
-30.96, 36.072
-30.6, 35.601
-30.24, 35.131
-29.88, 34.661
-29.52, 34.192
-29.16, 33.724
-28.8, 33.257
-28.44, 32.791
-28.08, 32.326
-27.72, 31.862
-27.36, 31.399
-27, 30.937
-26.64, 30.476
-26.28, 30.016
-25.92, 29.557
-25.56, 29.099
-25.2, 28.642
-24.84, 28.186
-24.48, 27.732
-24.12, 27.278
-23.76, 26.826
-23.4, 26.375
-23.04, 25.925
-22.68, 25.477
-22.32, 25.029
-21.96, 24.583
-21.6, 24.138
-21.24, 23.695
-20.88, 23.252
-20.52, 22.811
-20.16, 22.371
-19.8, 21.933
-19.44, 21.496
-19.08, 21.06
-18.72, 20.626
-18.36, 20.193
-18, 19.761
-17.64, 19.331
-17.28, 18.902
-16.92, 18.475
-16.56, 18.049
-16.2, 17.624
-15.84, 17.201
-15.48, 16.779
-15.12, 16.358
-14.76, 15.939
-14.4, 15.522
-14.04, 15.106
-13.68, 14.691
-13.32, 14.278
-12.96, 13.866
-12.6, 13.456
-12.24, 13.047
-11.88, 12.639
-11.52, 12.233
-11.16, 11.829
-10.8, 11.426
-10.44, 11.024
-10.08, 10.624
-9.72, 10.225
-9.36, 9.8279
-9, 9.4321
-8.64, 9.0377
-8.28, 8.6448
-7.92, 8.2534
-7.56, 7.8634
-7.2, 7.4748
-6.84, 7.0877
-6.48, 6.702
-6.12, 6.3177
-5.76, 5.9349
-5.4, 5.5535
-5.04, 5.1735
-4.68, 4.795
-4.32, 4.4178
-3.96, 4.042
-3.6, 3.6677
-3.24, 3.2947
-2.88, 2.9232
-2.52, 2.553
-2.16, 2.1842
-1.8, 1.8168
-1.44, 1.4507
-1.08, 1.086
-0.72, 0.72267
-0.36, 0.36067
4.1411e-14, 0
0.36, -0.35934
0.72, -0.71735
1.08, -1.074
1.44, -1.4294
1.8, -1.7835
2.16, -2.1363
2.52, -2.4878
2.88, -2.8381
3.24, -3.187
3.6, -3.5348
3.96, -3.8812
4.32, -4.2264
4.68, -4.5704
5.04, -4.9132
5.4, -5.2547
5.76, -5.5951
6.12, -5.9342
6.48, -6.2722
6.84, -6.609
7.2, -6.9446
7.56, -7.279
7.92, -7.6123
8.28, -7.9445
8.64, -8.2756
9, -8.6055
9.36, -8.9343
9.72, -9.262
10.08, -9.5886
10.44, -9.9141
10.8, -10.239
11.16, -10.562
11.52, -10.884
11.88, -11.206
12.24, -11.526
12.6, -11.845
12.96, -12.164
13.32, -12.481
13.68, -12.797
14.04, -13.112
14.4, -13.427
14.76, -13.74
15.12, -14.052
15.48, -14.364
15.84, -14.674
16.2, -14.984
16.56, -15.293
16.92, -15.601
17.28, -15.908
17.64, -16.214
18, -16.519
18.36, -16.823
18.72, -17.127
19.08, -17.429
19.44, -17.731
19.8, -18.032
20.16, -18.333
20.52, -18.632
20.88, -18.931
21.24, -19.229
21.6, -19.526
21.96, -19.822
22.32, -20.118
22.68, -20.413
23.04, -20.707
23.4, -21
23.76, -21.293
24.12, -21.585
24.48, -21.877
24.84, -22.167
25.2, -22.458
25.56, -22.747
25.92, -23.036
26.28, -23.324
26.64, -23.612
27, -23.899
27.36, -24.185
27.72, -24.471
28.08, -24.756
28.44, -25.041
28.8, -25.325
29.16, -25.608
29.52, -25.891
29.88, -26.174
30.24, -26.456
30.6, -26.737
30.96, -27.018
31.32, -27.298
31.68, -27.578
32.04, -27.858
32.4, -28.137
32.76, -28.416
33.12, -28.694
33.48, -28.972
33.84, -29.249
34.2, -29.526
34.56, -29.802
34.92, -30.079
35.28, -30.354
35.64, -30.63
36, -30.905
ENDTABLE
#RadioCtrl0 0    
#RadioCtrl1 0    



#EMBEDDED_NOTES
#Recirculating Ball-type Road Wheel Steer Kinematics for D-Class SUV with parallelogram linkage
#
#END_EMBEDDED_NOTES

LOG_ENTRY Used Dataset: Steering System: Kinematics for 2 Wheels (Recirc. Ball); { CS Utility Vehicles: SUVs and Vans } D-Class, SUV, Parallelogram Linkage
#Library : Steering System: Kinematics for 2 Wheels (Recirc. Ball)
#DataSet : D-Class, SUV, Parallelogram Linkage
#Category: CS Utility Vehicles: SUVs and Vans
#FileID  : StrKin2_e2ba3824-014b-4c83-932a-f5caaa192cbe
#Modified: 05-28-2021 14:59:15
#Product : CarSim 2024.1
#DataVer : 2024.1
#VehCode Steer Kinematics

END
